0.000500 1.000000 0.000000 1500.000000
0.001500 1.000000 0.000000 1500.000000
0.002500 1.000000 0.000000 1500.000000
0.003500 1.000000 0.000000 1500.000000
0.004500 1.000000 0.000000 1500.000000
0.005500 1.000000 0.000000 1500.000000
0.006500 1.000000 0.000000 1500.000000
0.007500 1.000000 0.000000 1500.000000
0.008500 1.000000 0.000000 1500.000000
0.009500 1.000000 0.000000 1500.000000
0.010500 1.000000 0.000000 1500.000000
0.011500 1.000000 0.000000 1500.000000
0.012500 1.000000 0.000000 1500.000000
0.013500 1.000000 0.000000 1500.000000
0.014500 1.000000 0.000000 1500.000000
0.015500 1.000000 0.000000 1500.000000
0.016500 1.000000 0.000000 1500.000000
0.017500 1.000000 0.000000 1500.000000
0.018500 1.000000 0.000000 1500.000000
0.019500 1.000000 0.000000 1500.000000
0.020500 1.000000 0.000000 1500.000000
0.021500 1.000000 0.000000 1500.000000
0.022500 1.000000 0.000000 1500.000000
0.023500 1.000000 0.000000 1500.000000
0.024500 1.000000 0.000000 1500.000000
0.025500 1.000000 0.000000 1500.000000
0.026500 1.000000 0.000000 1500.000000
0.027500 1.000000 0.000000 1500.000000
0.028500 1.000000 0.000000 1500.000000
0.029500 1.000000 0.000000 1500.000000
0.030500 1.000000 0.000000 1500.000000
0.031500 1.000000 0.000000 1500.000000
0.032500 1.000000 0.000000 1500.000000
0.033500 1.000000 0.000000 1500.000000
0.034500 1.000000 0.000000 1500.000000
0.035500 1.000000 0.000000 1500.000000
0.036500 1.000000 0.000000 1500.000000
0.037500 1.000000 0.000000 1500.000000
0.038500 1.000000 0.000000 1500.000000
0.039500 1.000000 0.000000 1500.000000
0.040500 1.000000 0.000000 1500.000000
0.041500 1.000000 0.000000 1500.000000
0.042500 1.000000 0.000000 1500.000000
0.043500 1.000000 0.000000 1500.000000
0.044500 1.000000 0.000000 1500.000000
0.045500 1.000000 0.000000 1500.000000
0.046500 1.000000 0.000000 1500.000000
0.047500 1.000000 0.000000 1500.000000
0.048500 1.000000 0.000000 1500.000000
0.049500 1.000000 0.000000 1500.000000
0.050500 1.000000 0.000000 1500.000000
0.051500 1.000000 0.000000 1500.000000
0.052500 1.000000 0.000000 1500.000000
0.053500 1.000000 0.000000 1500.000000
0.054500 1.000000 0.000000 1500.000000
0.055500 1.000000 0.000000 1500.000000
0.056500 1.000000 0.000000 1500.000000
0.057500 1.000000 0.000000 1500.000000
0.058500 1.000000 0.000000 1500.000000
0.059500 1.000000 0.000000 1500.000000
0.060500 1.000000 0.000000 1500.000000
0.061500 1.000000 0.000000 1500.000000
0.062500 1.000000 0.000000 1500.000000
0.063500 1.000000 0.000000 1500.000000
0.064500 1.000000 0.000000 1500.000000
0.065500 1.000000 0.000000 1500.000000
0.066500 1.000000 0.000000 1500.000000
0.067500 1.000000 0.000000 1500.000000
0.068500 1.000000 0.000000 1500.000000
0.069500 1.000000 0.000000 1500.000000
0.070500 1.000000 0.000000 1500.000000
0.071500 1.000000 0.000000 1500.000000
0.072500 1.000000 0.000000 1500.000000
0.073500 1.000000 0.000000 1500.000000
0.074500 1.000000 0.000000 1500.000000
0.075500 1.000000 0.000000 1500.000000
0.076500 1.000000 0.000000 1500.000000
0.077500 1.000000 0.000000 1500.000000
0.078500 1.000000 0.000000 1500.000000
0.079500 1.000000 0.000000 1500.000000
0.080500 1.000000 0.000000 1500.000000
0.081500 1.000000 0.000000 1500.000000
0.082500 1.000000 0.000000 1500.000000
0.083500 1.000000 0.000000 1500.000000
0.084500 1.000000 0.000000 1500.000000
0.085500 1.000000 0.000000 1500.000000
0.086500 1.000000 0.000000 1500.000000
0.087500 1.000000 0.000000 1500.000000
0.088500 1.000000 0.000000 1500.000000
0.089500 1.000000 0.000000 1500.000000
0.090500 1.000000 0.000000 1500.000000
0.091500 1.000000 0.000000 1500.000000
0.092500 1.000000 0.000000 1500.000000
0.093500 1.000000 0.000000 1500.000000
0.094500 1.000000 0.000000 1500.000000
0.095500 1.000000 0.000000 1500.000000
0.096500 1.000000 0.000000 1500.000000
0.097500 1.000000 0.000000 1500.000000
0.098500 1.000000 0.000000 1500.000000
0.099500 1.000000 0.000000 1500.000000
0.100500 1.000000 0.000000 1500.000000
0.101500 1.000000 0.000000 1500.000000
0.102500 1.000000 0.000000 1500.000000
0.103500 1.000000 0.000000 1500.000000
0.104500 1.000000 0.000000 1500.000000
0.105500 1.000000 0.000000 1500.000000
0.106500 1.000000 0.000000 1500.000000
0.107500 1.000000 0.000000 1500.000000
0.108500 1.000000 0.000000 1500.000000
0.109500 1.000000 0.000000 1500.000000
0.110500 1.000000 0.000000 1500.000000
0.111500 1.000000 0.000000 1500.000000
0.112500 1.000000 0.000000 1500.000000
0.113500 1.000000 0.000000 1500.000000
0.114500 1.000000 0.000000 1500.000000
0.115500 1.000000 0.000000 1500.000000
0.116500 1.000000 0.000000 1500.000000
0.117500 1.000000 0.000000 1500.000000
0.118500 1.000000 0.000000 1500.000000
0.119500 1.000000 0.000000 1500.000000
0.120500 1.000000 0.000000 1500.000000
0.121500 1.000000 0.000000 1500.000000
0.122500 1.000000 0.000000 1500.000000
0.123500 1.000000 0.000000 1500.000000
0.124500 1.000000 0.000000 1500.000000
0.125500 1.000000 0.000000 1500.000000
0.126500 1.000000 0.000000 1500.000000
0.127500 1.000000 0.000000 1500.000000
0.128500 1.000000 0.000000 1500.000000
0.129500 1.000000 0.000000 1500.000000
0.130500 1.000000 0.000000 1500.000000
0.131500 1.000000 0.000000 1500.000000
0.132500 1.000000 0.000000 1500.000000
0.133500 1.000000 0.000000 1500.000000
0.134500 1.000000 0.000000 1500.000000
0.135500 1.000000 0.000000 1500.000000
0.136500 1.000000 0.000000 1500.000000
0.137500 1.000000 0.000000 1500.000000
0.138500 1.000000 0.000000 1500.000000
0.139500 1.000000 0.000000 1500.000000
0.140500 1.000000 0.000000 1500.000000
0.141500 1.000000 0.000000 1500.000000
0.142500 1.000000 0.000000 1500.000000
0.143500 1.000000 0.000000 1500.000000
0.144500 1.000000 0.000000 1500.000000
0.145500 1.000000 0.000000 1500.000000
0.146500 1.000000 0.000000 1500.000000
0.147500 1.000000 0.000000 1500.000000
0.148500 1.000000 0.000000 1500.000000
0.149500 1.000000 0.000000 1500.000000
0.150500 1.000000 0.000000 1500.000000
0.151500 1.000000 0.000000 1500.000000
0.152500 1.000000 0.000000 1500.000000
0.153500 1.000000 0.000000 1500.000000
0.154500 1.000000 0.000000 1500.000000
0.155500 1.000000 0.000000 1500.000000
0.156500 1.000000 0.000000 1500.000000
0.157500 1.000000 0.000000 1500.000000
0.158500 1.000000 0.000000 1500.000000
0.159500 1.000000 0.000000 1500.000000
0.160500 1.000000 0.000000 1500.000000
0.161500 1.000000 0.000000 1500.000000
0.162500 1.000000 0.000000 1500.000000
0.163500 1.000000 0.000000 1500.000000
0.164500 1.000000 0.000000 1500.000000
0.165500 1.000000 0.000000 1500.000000
0.166500 1.000000 0.000000 1500.000000
0.167500 1.000000 0.000000 1500.000000
0.168500 1.000000 0.000000 1500.000000
0.169500 1.000000 0.000000 1500.000000
0.170500 1.000000 0.000000 1500.000000
0.171500 1.000000 0.000000 1500.000000
0.172500 1.000000 0.000000 1500.000000
0.173500 1.000000 0.000000 1500.000000
0.174500 1.000000 0.000000 1500.000000
0.175500 1.000000 0.000000 1500.000000
0.176500 1.000000 0.000000 1500.000000
0.177500 1.000000 0.000000 1500.000000
0.178500 1.000000 0.000000 1500.000000
0.179500 1.000000 0.000000 1500.000000
0.180500 1.000000 0.000000 1500.000000
0.181500 1.000000 0.000000 1500.000000
0.182500 1.000000 0.000000 1500.000000
0.183500 1.000000 0.000000 1500.000000
0.184500 1.000000 0.000000 1500.000000
0.185500 1.000000 0.000000 1500.000000
0.186500 1.000000 0.000000 1500.000000
0.187500 1.000000 0.000000 1500.000000
0.188500 1.000000 0.000000 1500.000000
0.189500 1.000000 0.000000 1500.000000
0.190500 1.000000 0.000000 1500.000000
0.191500 1.000000 0.000000 1500.000000
0.192500 1.000000 0.000000 1500.000000
0.193500 1.000000 0.000000 1500.000000
0.194500 1.000000 0.000000 1500.000000
0.195500 1.000000 0.000000 1500.000000
0.196500 1.000000 0.000000 1500.000000
0.197500 1.000000 0.000000 1500.000000
0.198500 1.000000 0.000000 1500.000000
0.199500 1.000000 0.000000 1500.000000
0.200500 1.000000 0.000000 1500.000000
0.201500 1.000000 0.000000 1500.000000
0.202500 1.000000 0.000000 1500.000000
0.203500 1.000000 0.000000 1500.000000
0.204500 1.000000 0.000000 1500.000000
0.205500 1.000000 0.000000 1500.000000
0.206500 1.000000 0.000000 1500.000000
0.207500 1.000000 0.000000 1500.000000
0.208500 1.000000 0.000000 1500.000000
0.209500 1.000000 0.000000 1500.000000
0.210500 1.000000 0.000000 1500.000000
0.211500 1.000000 0.000000 1500.000000
0.212500 1.000000 0.000000 1500.000000
0.213500 1.000000 0.000000 1500.000000
0.214500 1.000000 0.000000 1500.000000
0.215500 1.000000 0.000000 1500.000000
0.216500 1.000000 0.000000 1500.000000
0.217500 1.000000 0.000000 1500.000000
0.218500 1.000000 0.000000 1500.000000
0.219500 1.000000 0.000000 1500.000000
0.220500 1.000000 0.000000 1500.000000
0.221500 1.000000 0.000000 1500.000000
0.222500 1.000000 0.000000 1500.000000
0.223500 1.000000 0.000000 1500.000000
0.224500 1.000000 0.000000 1500.000000
0.225500 1.000000 0.000000 1500.000000
0.226500 1.000000 0.000000 1500.000000
0.227500 1.000000 0.000000 1500.000000
0.228500 1.000000 0.000000 1500.000000
0.229500 1.000000 0.000000 1500.000000
0.230500 1.000000 0.000000 1500.000000
0.231500 1.000000 0.000000 1500.000000
0.232500 1.000000 0.000000 1500.000000
0.233500 1.000000 0.000000 1500.000000
0.234500 1.000000 0.000000 1500.000000
0.235500 1.000000 0.000000 1500.000000
0.236500 1.000000 0.000000 1500.000000
0.237500 1.000000 0.000000 1500.000000
0.238500 1.000000 0.000000 1500.000000
0.239500 1.000000 0.000000 1500.000000
0.240500 1.000000 0.000000 1500.000000
0.241500 1.000000 0.000000 1500.000000
0.242500 1.000000 0.000000 1500.000000
0.243500 1.000000 0.000000 1500.000000
0.244500 1.000000 0.000000 1500.000000
0.245500 1.000000 0.000000 1500.000000
0.246500 1.000000 0.000000 1500.000000
0.247500 1.000000 0.000000 1500.000000
0.248500 1.000000 0.000000 1500.000000
0.249500 1.000000 0.000000 1500.000000
0.250500 1.000000 0.000000 1500.000000
0.251500 1.000000 0.000000 1500.000000
0.252500 1.000000 0.000000 1500.000000
0.253500 1.000000 0.000000 1500.000000
0.254500 1.000000 0.000000 1500.000000
0.255500 1.000000 0.000000 1500.000000
0.256500 1.000000 0.000000 1500.000000
0.257500 1.000000 0.000000 1500.000000
0.258500 1.000000 0.000000 1500.000000
0.259500 1.000000 0.000000 1500.000000
0.260500 1.000000 0.000000 1500.000000
0.261500 1.000000 0.000000 1500.000000
0.262500 1.000000 0.000000 1500.000000
0.263500 1.000000 0.000000 1500.000000
0.264500 1.000000 0.000000 1500.000000
0.265500 1.000000 0.000000 1500.000000
0.266500 1.000000 0.000000 1500.000000
0.267500 1.000000 0.000000 1500.000000
0.268500 1.000000 0.000000 1500.000000
0.269500 1.000000 0.000000 1500.000000
0.270500 1.000000 0.000000 1500.000000
0.271500 1.000000 0.000000 1500.000000
0.272500 1.000000 0.000000 1500.000000
0.273500 1.000000 0.000000 1500.000000
0.274500 1.000000 0.000000 1500.000000
0.275500 1.000000 0.000000 1500.000000
0.276500 1.000000 0.000000 1500.000000
0.277500 1.000000 0.000000 1500.000000
0.278500 1.000000 0.000000 1500.000000
0.279500 1.000000 0.000000 1500.000000
0.280500 1.000000 0.000000 1500.000000
0.281500 1.000000 0.000000 1500.000000
0.282500 1.000000 0.000000 1500.000000
0.283500 1.000000 0.000000 1500.000000
0.284500 1.000000 0.000000 1500.000000
0.285500 1.000000 0.000000 1500.000000
0.286500 1.000000 0.000000 1500.000000
0.287500 1.000000 0.000000 1500.000000
0.288500 1.000000 0.000000 1500.000000
0.289500 1.000000 0.000000 1500.000000
0.290500 1.000000 0.000000 1500.000000
0.291500 1.000000 0.000000 1500.000000
0.292500 1.000000 0.000000 1500.000000
0.293500 1.000000 0.000000 1500.000000
0.294500 1.000000 0.000000 1500.000000
0.295500 1.000000 0.000000 1500.000000
0.296500 1.000000 0.000000 1500.000000
0.297500 1.000000 0.000000 1500.000000
0.298500 1.000000 0.000000 1500.000000
0.299500 1.000000 0.000000 1500.000000
0.300500 1.000000 0.000000 1500.000000
0.301500 1.000000 0.000000 1500.000000
0.302500 1.000000 0.000000 1500.000000
0.303500 1.000000 0.000000 1500.000000
0.304500 1.000000 0.000000 1500.000000
0.305500 1.000000 0.000000 1500.000000
0.306500 1.000000 0.000000 1500.000000
0.307500 1.000000 0.000000 1500.000000
0.308500 1.000000 0.000000 1500.000000
0.309500 1.000000 0.000000 1500.000000
0.310500 1.000000 0.000000 1500.000000
0.311500 1.000000 0.000000 1500.000000
0.312500 1.000000 0.000000 1500.000000
0.313500 1.000000 0.000000 1500.000000
0.314500 1.000000 0.000000 1500.000000
0.315500 1.000000 0.000000 1500.000000
0.316500 1.000000 0.000000 1500.000000
0.317500 1.000000 0.000000 1500.000000
0.318500 1.000000 0.000000 1500.000000
0.319500 1.000000 0.000000 1500.000000
0.320500 1.000000 0.000000 1500.000000
0.321500 1.000000 0.000000 1500.000000
0.322500 1.000000 0.000000 1500.000000
0.323500 1.000000 0.000000 1500.000000
0.324500 1.000000 0.000000 1500.000000
0.325500 1.000000 0.000000 1500.000000
0.326500 1.000000 0.000000 1500.000000
0.327500 1.000000 0.000000 1500.000000
0.328500 1.000000 0.000000 1500.000000
0.329500 1.000000 0.000000 1500.000000
0.330500 1.000000 0.000000 1500.000000
0.331500 1.000000 0.000000 1500.000000
0.332500 1.000000 0.000000 1500.000000
0.333500 1.000000 0.000000 1500.000000
0.334500 1.000000 0.000000 1500.000000
0.335500 1.000000 0.000000 1500.000000
0.336500 1.000000 0.000000 1500.000000
0.337500 1.000000 0.000000 1500.000000
0.338500 1.000000 0.000000 1500.000000
0.339500 1.000000 0.000000 1500.000000
0.340500 1.000000 0.000000 1500.000000
0.341500 1.000000 0.000000 1500.000000
0.342500 1.000000 0.000000 1500.000000
0.343500 1.000000 0.000000 1500.000000
0.344500 1.000000 0.000000 1500.000000
0.345500 1.000000 0.000000 1500.000000
0.346500 1.000000 0.000000 1500.000000
0.347500 1.000000 0.000000 1500.000000
0.348500 1.000000 0.000000 1500.000000
0.349500 1.000000 0.000000 1500.000000
0.350500 1.000000 0.000000 1500.000000
0.351500 1.000000 0.000000 1500.000000
0.352500 1.000000 0.000000 1500.000000
0.353500 1.000000 0.000000 1500.000000
0.354500 1.000000 0.000000 1500.000000
0.355500 1.000000 0.000000 1500.000000
0.356500 1.000000 0.000000 1500.000000
0.357500 1.000000 0.000000 1500.000000
0.358500 1.000000 0.000000 1500.000000
0.359500 1.000000 0.000000 1500.000000
0.360500 1.000000 0.000000 1500.000000
0.361500 1.000000 0.000000 1500.000000
0.362500 1.000000 0.000000 1500.000000
0.363500 1.000000 0.000000 1500.000000
0.364500 1.000000 0.000000 1500.000000
0.365500 1.000000 0.000000 1500.000000
0.366500 1.000000 0.000000 1500.000000
0.367500 1.000000 0.000000 1500.000000
0.368500 1.000000 0.000000 1500.000000
0.369500 1.000000 0.000000 1500.000000
0.370500 1.000000 0.000000 1500.000000
0.371500 1.000000 0.000000 1500.000000
0.372500 1.000000 0.000000 1500.000000
0.373500 1.000000 0.000000 1500.000000
0.374500 1.000000 0.000000 1500.000000
0.375500 1.000000 0.000000 1500.000000
0.376500 1.000000 0.000000 1500.000000
0.377500 1.000000 0.000000 1500.000000
0.378500 1.000000 0.000000 1500.000000
0.379500 1.000000 0.000000 1500.000000
0.380500 1.000000 0.000000 1500.000000
0.381500 1.000000 0.000000 1500.000000
0.382500 1.000000 0.000000 1500.000000
0.383500 1.000000 0.000000 1500.000000
0.384500 1.000000 0.000000 1500.000000
0.385500 1.000000 0.000000 1500.000000
0.386500 1.000000 0.000000 1500.000000
0.387500 1.000000 0.000000 1500.000000
0.388500 1.000000 0.000000 1500.000000
0.389500 1.000000 0.000000 1500.000000
0.390500 1.000000 0.000000 1500.000000
0.391500 1.000000 0.000000 1500.000000
0.392500 1.000000 0.000000 1500.000000
0.393500 1.000000 0.000000 1500.000000
0.394500 1.000000 0.000000 1500.000000
0.395500 1.000000 0.000000 1500.000000
0.396500 1.000000 0.000000 1500.000000
0.397500 1.000000 0.000000 1500.000000
0.398500 1.000000 0.000000 1500.000000
0.399500 1.000000 0.000000 1500.000000
0.400500 1.000000 0.000000 1500.000000
0.401500 1.000000 0.000000 1500.000000
0.402500 1.000000 0.000000 1500.000000
0.403500 1.000000 0.000000 1500.000000
0.404500 1.000000 0.000000 1500.000000
0.405500 1.000000 0.000000 1500.000000
0.406500 1.000000 0.000000 1500.000000
0.407500 1.000000 0.000000 1500.000000
0.408500 1.000000 0.000000 1500.000000
0.409500 1.000000 0.000000 1500.000000
0.410500 1.000000 0.000000 1500.000000
0.411500 1.000000 0.000000 1500.000000
0.412500 1.000000 0.000000 1500.000000
0.413500 1.000000 0.000000 1500.000000
0.414500 1.000000 0.000000 1500.000000
0.415500 1.000000 0.000000 1500.000000
0.416500 1.000000 0.000000 1500.000000
0.417500 1.000000 0.000000 1500.000000
0.418500 1.000000 0.000000 1500.000000
0.419500 1.000000 0.000000 1500.000000
0.420500 1.000000 0.000000 1500.000000
0.421500 1.000000 0.000000 1500.000000
0.422500 1.000000 0.000000 1500.000000
0.423500 1.000000 0.000000 1500.000000
0.424500 1.000000 0.000000 1500.000000
0.425500 1.000000 0.000000 1500.000000
0.426500 1.000000 0.000000 1500.000000
0.427500 1.000000 0.000000 1500.000000
0.428500 1.000000 0.000000 1500.000000
0.429500 1.000000 0.000000 1500.000000
0.430500 1.000000 0.000000 1500.000000
0.431500 1.000000 0.000000 1500.000000
0.432500 1.000000 0.000000 1500.000000
0.433500 1.000000 0.000000 1500.000000
0.434500 1.000000 0.000000 1500.000000
0.435500 1.000000 0.000000 1500.000000
0.436500 1.000000 0.000000 1500.000000
0.437500 1.000000 0.000000 1500.000000
0.438500 1.000000 0.000000 1500.000000
0.439500 1.000000 0.000000 1500.000000
0.440500 1.000000 0.000000 1500.000000
0.441500 1.000000 0.000000 1500.000000
0.442500 1.000000 0.000000 1500.000000
0.443500 1.000000 0.000000 1500.000000
0.444500 1.000000 0.000000 1500.000000
0.445500 1.000000 0.000000 1500.000000
0.446500 1.000000 0.000000 1500.000000
0.447500 1.000000 0.000000 1500.000000
0.448500 1.000000 0.000000 1500.000000
0.449500 1.000000 0.000000 1500.000000
0.450500 1.000000 0.000000 1500.000000
0.451500 1.000000 0.000000 1500.000000
0.452500 1.000000 0.000000 1500.000000
0.453500 1.000000 0.000000 1500.000000
0.454500 1.000000 0.000000 1500.000000
0.455500 1.000000 0.000000 1500.000000
0.456500 1.000000 0.000000 1500.000000
0.457500 1.000000 0.000000 1500.000000
0.458500 1.000000 0.000000 1500.000000
0.459500 1.000000 0.000000 1500.000000
0.460500 1.000000 0.000000 1500.000000
0.461500 1.000000 0.000000 1500.000000
0.462500 1.000000 0.000000 1500.000000
0.463500 1.000000 0.000000 1500.000000
0.464500 1.000000 0.000000 1500.000000
0.465500 1.000000 0.000000 1500.000000
0.466500 1.000000 0.000000 1500.000000
0.467500 1.000000 0.000000 1500.000000
0.468500 1.000000 0.000000 1500.000000
0.469500 1.000000 0.000000 1500.000000
0.470500 1.000000 0.000000 1500.000000
0.471500 1.000000 0.000000 1500.000000
0.472500 1.000000 0.000000 1500.000000
0.473500 1.000000 0.000000 1500.000000
0.474500 1.000000 0.000000 1500.000000
0.475500 1.000000 0.000000 1500.000000
0.476500 1.000000 0.000000 1500.000000
0.477500 1.000000 0.000000 1500.000000
0.478500 1.000000 0.000000 1500.000000
0.479500 1.000000 0.000000 1500.000000
0.480500 1.000000 0.000000 1500.000000
0.481500 1.000000 0.000000 1500.000000
0.482500 1.000000 0.000000 1500.000000
0.483500 1.000000 0.000000 1500.000000
0.484500 1.000000 0.000000 1500.000000
0.485500 1.000000 0.000000 1500.000000
0.486500 1.000000 0.000000 1500.000000
0.487500 1.000000 0.000000 1500.000000
0.488500 1.000000 0.000000 1500.000000
0.489500 1.000000 0.000000 1500.000000
0.490500 1.000000 0.000000 1500.000000
0.491500 1.000000 0.000000 1500.000000
0.492500 1.000000 0.000000 1500.000000
0.493500 1.000000 0.000000 1500.000000
0.494500 1.000000 0.000000 1500.000000
0.495500 1.000000 0.000000 1500.000000
0.496500 1.000000 0.000000 1500.000000
0.497500 1.000000 0.000000 1500.000000
0.498500 1.000000 0.000000 1500.000000
0.499500 1.000000 0.000000 1500.000000
0.500500 0.100000 0.000000 1.500000
0.501500 0.100000 0.000000 1.500000
0.502500 0.100000 0.000000 1.500000
0.503500 0.100000 0.000000 1.500000
0.504500 0.100000 0.000000 1.500000
0.505500 0.100000 0.000000 1.500000
0.506500 0.100000 0.000000 1.500000
0.507500 0.100000 0.000000 1.500000
0.508500 0.100000 0.000000 1.500000
0.509500 0.100000 0.000000 1.500000
0.510500 0.100000 0.000000 1.500000
0.511500 0.100000 0.000000 1.500000
0.512500 0.100000 0.000000 1.500000
0.513500 0.100000 0.000000 1.500000
0.514500 0.100000 0.000000 1.500000
0.515500 0.100000 0.000000 1.500000
0.516500 0.100000 0.000000 1.500000
0.517500 0.100000 0.000000 1.500000
0.518500 0.100000 0.000000 1.500000
0.519500 0.100000 0.000000 1.500000
0.520500 0.100000 0.000000 1.500000
0.521500 0.100000 0.000000 1.500000
0.522500 0.100000 0.000000 1.500000
0.523500 0.100000 0.000000 1.500000
0.524500 0.100000 0.000000 1.500000
0.525500 0.100000 0.000000 1.500000
0.526500 0.100000 0.000000 1.500000
0.527500 0.100000 0.000000 1.500000
0.528500 0.100000 0.000000 1.500000
0.529500 0.100000 0.000000 1.500000
0.530500 0.100000 0.000000 1.500000
0.531500 0.100000 0.000000 1.500000
0.532500 0.100000 0.000000 1.500000
0.533500 0.100000 0.000000 1.500000
0.534500 0.100000 0.000000 1.500000
0.535500 0.100000 0.000000 1.500000
0.536500 0.100000 0.000000 1.500000
0.537500 0.100000 0.000000 1.500000
0.538500 0.100000 0.000000 1.500000
0.539500 0.100000 0.000000 1.500000
0.540500 0.100000 0.000000 1.500000
0.541500 0.100000 0.000000 1.500000
0.542500 0.100000 0.000000 1.500000
0.543500 0.100000 0.000000 1.500000
0.544500 0.100000 0.000000 1.500000
0.545500 0.100000 0.000000 1.500000
0.546500 0.100000 0.000000 1.500000
0.547500 0.100000 0.000000 1.500000
0.548500 0.100000 0.000000 1.500000
0.549500 0.100000 0.000000 1.500000
0.550500 0.100000 0.000000 1.500000
0.551500 0.100000 0.000000 1.500000
0.552500 0.100000 0.000000 1.500000
0.553500 0.100000 0.000000 1.500000
0.554500 0.100000 0.000000 1.500000
0.555500 0.100000 0.000000 1.500000
0.556500 0.100000 0.000000 1.500000
0.557500 0.100000 0.000000 1.500000
0.558500 0.100000 0.000000 1.500000
0.559500 0.100000 0.000000 1.500000
0.560500 0.100000 0.000000 1.500000
0.561500 0.100000 0.000000 1.500000
0.562500 0.100000 0.000000 1.500000
0.563500 0.100000 0.000000 1.500000
0.564500 0.100000 0.000000 1.500000
0.565500 0.100000 0.000000 1.500000
0.566500 0.100000 0.000000 1.500000
0.567500 0.100000 0.000000 1.500000
0.568500 0.100000 0.000000 1.500000
0.569500 0.100000 0.000000 1.500000
0.570500 0.100000 0.000000 1.500000
0.571500 0.100000 0.000000 1.500000
0.572500 0.100000 0.000000 1.500000
0.573500 0.100000 0.000000 1.500000
0.574500 0.100000 0.000000 1.500000
0.575500 0.100000 0.000000 1.500000
0.576500 0.100000 0.000000 1.500000
0.577500 0.100000 0.000000 1.500000
0.578500 0.100000 0.000000 1.500000
0.579500 0.100000 0.000000 1.500000
0.580500 0.100000 0.000000 1.500000
0.581500 0.100000 0.000000 1.500000
0.582500 0.100000 0.000000 1.500000
0.583500 0.100000 0.000000 1.500000
0.584500 0.100000 0.000000 1.500000
0.585500 0.100000 0.000000 1.500000
0.586500 0.100000 0.000000 1.500000
0.587500 0.100000 0.000000 1.500000
0.588500 0.100000 0.000000 1.500000
0.589500 0.100000 0.000000 1.500000
0.590500 0.100000 0.000000 1.500000
0.591500 0.100000 0.000000 1.500000
0.592500 0.100000 0.000000 1.500000
0.593500 0.100000 0.000000 1.500000
0.594500 0.100000 0.000000 1.500000
0.595500 0.100000 0.000000 1.500000
0.596500 0.100000 0.000000 1.500000
0.597500 0.100000 0.000000 1.500000
0.598500 0.100000 0.000000 1.500000
0.599500 0.100000 0.000000 1.500000
0.600500 0.100000 0.000000 1.500000
0.601500 0.100000 0.000000 1.500000
0.602500 0.100000 0.000000 1.500000
0.603500 0.100000 0.000000 1.500000
0.604500 0.100000 0.000000 1.500000
0.605500 0.100000 0.000000 1.500000
0.606500 0.100000 0.000000 1.500000
0.607500 0.100000 0.000000 1.500000
0.608500 0.100000 0.000000 1.500000
0.609500 0.100000 0.000000 1.500000
0.610500 0.100000 0.000000 1.500000
0.611500 0.100000 0.000000 1.500000
0.612500 0.100000 0.000000 1.500000
0.613500 0.100000 0.000000 1.500000
0.614500 0.100000 0.000000 1.500000
0.615500 0.100000 0.000000 1.500000
0.616500 0.100000 0.000000 1.500000
0.617500 0.100000 0.000000 1.500000
0.618500 0.100000 0.000000 1.500000
0.619500 0.100000 0.000000 1.500000
0.620500 0.100000 0.000000 1.500000
0.621500 0.100000 0.000000 1.500000
0.622500 0.100000 0.000000 1.500000
0.623500 0.100000 0.000000 1.500000
0.624500 0.100000 0.000000 1.500000
0.625500 0.100000 0.000000 1.500000
0.626500 0.100000 0.000000 1.500000
0.627500 0.100000 0.000000 1.500000
0.628500 0.100000 0.000000 1.500000
0.629500 0.100000 0.000000 1.500000
0.630500 0.100000 0.000000 1.500000
0.631500 0.100000 0.000000 1.500000
0.632500 0.100000 0.000000 1.500000
0.633500 0.100000 0.000000 1.500000
0.634500 0.100000 0.000000 1.500000
0.635500 0.100000 0.000000 1.500000
0.636500 0.100000 0.000000 1.500000
0.637500 0.100000 0.000000 1.500000
0.638500 0.100000 0.000000 1.500000
0.639500 0.100000 0.000000 1.500000
0.640500 0.100000 0.000000 1.500000
0.641500 0.100000 0.000000 1.500000
0.642500 0.100000 0.000000 1.500000
0.643500 0.100000 0.000000 1.500000
0.644500 0.100000 0.000000 1.500000
0.645500 0.100000 0.000000 1.500000
0.646500 0.100000 0.000000 1.500000
0.647500 0.100000 0.000000 1.500000
0.648500 0.100000 0.000000 1.500000
0.649500 0.100000 0.000000 1.500000
0.650500 0.100000 0.000000 1.500000
0.651500 0.100000 0.000000 1.500000
0.652500 0.100000 0.000000 1.500000
0.653500 0.100000 0.000000 1.500000
0.654500 0.100000 0.000000 1.500000
0.655500 0.100000 0.000000 1.500000
0.656500 0.100000 0.000000 1.500000
0.657500 0.100000 0.000000 1.500000
0.658500 0.100000 0.000000 1.500000
0.659500 0.100000 0.000000 1.500000
0.660500 0.100000 0.000000 1.500000
0.661500 0.100000 0.000000 1.500000
0.662500 0.100000 0.000000 1.500000
0.663500 0.100000 0.000000 1.500000
0.664500 0.100000 0.000000 1.500000
0.665500 0.100000 0.000000 1.500000
0.666500 0.100000 0.000000 1.500000
0.667500 0.100000 0.000000 1.500000
0.668500 0.100000 0.000000 1.500000
0.669500 0.100000 0.000000 1.500000
0.670500 0.100000 0.000000 1.500000
0.671500 0.100000 0.000000 1.500000
0.672500 0.100000 0.000000 1.500000
0.673500 0.100000 0.000000 1.500000
0.674500 0.100000 0.000000 1.500000
0.675500 0.100000 0.000000 1.500000
0.676500 0.100000 0.000000 1.500000
0.677500 0.100000 0.000000 1.500000
0.678500 0.100000 0.000000 1.500000
0.679500 0.100000 0.000000 1.500000
0.680500 0.100000 0.000000 1.500000
0.681500 0.100000 0.000000 1.500000
0.682500 0.100000 0.000000 1.500000
0.683500 0.100000 0.000000 1.500000
0.684500 0.100000 0.000000 1.500000
0.685500 0.100000 0.000000 1.500000
0.686500 0.100000 0.000000 1.500000
0.687500 0.100000 0.000000 1.500000
0.688500 0.100000 0.000000 1.500000
0.689500 0.100000 0.000000 1.500000
0.690500 0.100000 0.000000 1.500000
0.691500 0.100000 0.000000 1.500000
0.692500 0.100000 0.000000 1.500000
0.693500 0.100000 0.000000 1.500000
0.694500 0.100000 0.000000 1.500000
0.695500 0.100000 0.000000 1.500000
0.696500 0.100000 0.000000 1.500000
0.697500 0.100000 0.000000 1.500000
0.698500 0.100000 0.000000 1.500000
0.699500 0.100000 0.000000 1.500000
0.700500 0.100000 0.000000 1.500000
0.701500 0.100000 0.000000 1.500000
0.702500 0.100000 0.000000 1.500000
0.703500 0.100000 0.000000 1.500000
0.704500 0.100000 0.000000 1.500000
0.705500 0.100000 0.000000 1.500000
0.706500 0.100000 0.000000 1.500000
0.707500 0.100000 0.000000 1.500000
0.708500 0.100000 0.000000 1.500000
0.709500 0.100000 0.000000 1.500000
0.710500 0.100000 0.000000 1.500000
0.711500 0.100000 0.000000 1.500000
0.712500 0.100000 0.000000 1.500000
0.713500 0.100000 0.000000 1.500000
0.714500 0.100000 0.000000 1.500000
0.715500 0.100000 0.000000 1.500000
0.716500 0.100000 0.000000 1.500000
0.717500 0.100000 0.000000 1.500000
0.718500 0.100000 0.000000 1.500000
0.719500 0.100000 0.000000 1.500000
0.720500 0.100000 0.000000 1.500000
0.721500 0.100000 0.000000 1.500000
0.722500 0.100000 0.000000 1.500000
0.723500 0.100000 0.000000 1.500000
0.724500 0.100000 0.000000 1.500000
0.725500 0.100000 0.000000 1.500000
0.726500 0.100000 0.000000 1.500000
0.727500 0.100000 0.000000 1.500000
0.728500 0.100000 0.000000 1.500000
0.729500 0.100000 0.000000 1.500000
0.730500 0.100000 0.000000 1.500000
0.731500 0.100000 0.000000 1.500000
0.732500 0.100000 0.000000 1.500000
0.733500 0.100000 0.000000 1.500000
0.734500 0.100000 0.000000 1.500000
0.735500 0.100000 0.000000 1.500000
0.736500 0.100000 0.000000 1.500000
0.737500 0.100000 0.000000 1.500000
0.738500 0.100000 0.000000 1.500000
0.739500 0.100000 0.000000 1.500000
0.740500 0.100000 0.000000 1.500000
0.741500 0.100000 0.000000 1.500000
0.742500 0.100000 0.000000 1.500000
0.743500 0.100000 0.000000 1.500000
0.744500 0.100000 0.000000 1.500000
0.745500 0.100000 0.000000 1.500000
0.746500 0.100000 0.000000 1.500000
0.747500 0.100000 0.000000 1.500000
0.748500 0.100000 0.000000 1.500000
0.749500 0.100000 0.000000 1.500000
0.750500 0.100000 0.000000 1.500000
0.751500 0.100000 0.000000 1.500000
0.752500 0.100000 0.000000 1.500000
0.753500 0.100000 0.000000 1.500000
0.754500 0.100000 0.000000 1.500000
0.755500 0.100000 0.000000 1.500000
0.756500 0.100000 0.000000 1.500000
0.757500 0.100000 0.000000 1.500000
0.758500 0.100000 0.000000 1.500000
0.759500 0.100000 0.000000 1.500000
0.760500 0.100000 0.000000 1.500000
0.761500 0.100000 0.000000 1.500000
0.762500 0.100000 0.000000 1.500000
0.763500 0.100000 0.000000 1.500000
0.764500 0.100000 0.000000 1.500000
0.765500 0.100000 0.000000 1.500000
0.766500 0.100000 0.000000 1.500000
0.767500 0.100000 0.000000 1.500000
0.768500 0.100000 0.000000 1.500000
0.769500 0.100000 0.000000 1.500000
0.770500 0.100000 0.000000 1.500000
0.771500 0.100000 0.000000 1.500000
0.772500 0.100000 0.000000 1.500000
0.773500 0.100000 0.000000 1.500000
0.774500 0.100000 0.000000 1.500000
0.775500 0.100000 0.000000 1.500000
0.776500 0.100000 0.000000 1.500000
0.777500 0.100000 0.000000 1.500000
0.778500 0.100000 0.000000 1.500000
0.779500 0.100000 0.000000 1.500000
0.780500 0.100000 0.000000 1.500000
0.781500 0.100000 0.000000 1.500000
0.782500 0.100000 0.000000 1.500000
0.783500 0.100000 0.000000 1.500000
0.784500 0.100000 0.000000 1.500000
0.785500 0.100000 0.000000 1.500000
0.786500 0.100000 0.000000 1.500000
0.787500 0.100000 0.000000 1.500000
0.788500 0.100000 0.000000 1.500000
0.789500 0.100000 0.000000 1.500000
0.790500 0.100000 0.000000 1.500000
0.791500 0.100000 0.000000 1.500000
0.792500 0.100000 0.000000 1.500000
0.793500 0.100000 0.000000 1.500000
0.794500 0.100000 0.000000 1.500000
0.795500 0.100000 0.000000 1.500000
0.796500 0.100000 0.000000 1.500000
0.797500 0.100000 0.000000 1.500000
0.798500 0.100000 0.000000 1.500000
0.799500 0.100000 0.000000 1.500000
0.800500 0.100000 0.000000 1.500000
0.801500 0.100000 0.000000 1.500000
0.802500 0.100000 0.000000 1.500000
0.803500 0.100000 0.000000 1.500000
0.804500 0.100000 0.000000 1.500000
0.805500 0.100000 0.000000 1.500000
0.806500 0.100000 0.000000 1.500000
0.807500 0.100000 0.000000 1.500000
0.808500 0.100000 0.000000 1.500000
0.809500 0.100000 0.000000 1.500000
0.810500 0.100000 0.000000 1.500000
0.811500 0.100000 0.000000 1.500000
0.812500 0.100000 0.000000 1.500000
0.813500 0.100000 0.000000 1.500000
0.814500 0.100000 0.000000 1.500000
0.815500 0.100000 0.000000 1.500000
0.816500 0.100000 0.000000 1.500000
0.817500 0.100000 0.000000 1.500000
0.818500 0.100000 0.000000 1.500000
0.819500 0.100000 0.000000 1.500000
0.820500 0.100000 0.000000 1.500000
0.821500 0.100000 0.000000 1.500000
0.822500 0.100000 0.000000 1.500000
0.823500 0.100000 0.000000 1.500000
0.824500 0.100000 0.000000 1.500000
0.825500 0.100000 0.000000 1.500000
0.826500 0.100000 0.000000 1.500000
0.827500 0.100000 0.000000 1.500000
0.828500 0.100000 0.000000 1.500000
0.829500 0.100000 0.000000 1.500000
0.830500 0.100000 0.000000 1.500000
0.831500 0.100000 0.000000 1.500000
0.832500 0.100000 0.000000 1.500000
0.833500 0.100000 0.000000 1.500000
0.834500 0.100000 0.000000 1.500000
0.835500 0.100000 0.000000 1.500000
0.836500 0.100000 0.000000 1.500000
0.837500 0.100000 0.000000 1.500000
0.838500 0.100000 0.000000 1.500000
0.839500 0.100000 0.000000 1.500000
0.840500 0.100000 0.000000 1.500000
0.841500 0.100000 0.000000 1.500000
0.842500 0.100000 0.000000 1.500000
0.843500 0.100000 0.000000 1.500000
0.844500 0.100000 0.000000 1.500000
0.845500 0.100000 0.000000 1.500000
0.846500 0.100000 0.000000 1.500000
0.847500 0.100000 0.000000 1.500000
0.848500 0.100000 0.000000 1.500000
0.849500 0.100000 0.000000 1.500000
0.850500 0.100000 0.000000 1.500000
0.851500 0.100000 0.000000 1.500000
0.852500 0.100000 0.000000 1.500000
0.853500 0.100000 0.000000 1.500000
0.854500 0.100000 0.000000 1.500000
0.855500 0.100000 0.000000 1.500000
0.856500 0.100000 0.000000 1.500000
0.857500 0.100000 0.000000 1.500000
0.858500 0.100000 0.000000 1.500000
0.859500 0.100000 0.000000 1.500000
0.860500 0.100000 0.000000 1.500000
0.861500 0.100000 0.000000 1.500000
0.862500 0.100000 0.000000 1.500000
0.863500 0.100000 0.000000 1.500000
0.864500 0.100000 0.000000 1.500000
0.865500 0.100000 0.000000 1.500000
0.866500 0.100000 0.000000 1.500000
0.867500 0.100000 0.000000 1.500000
0.868500 0.100000 0.000000 1.500000
0.869500 0.100000 0.000000 1.500000
0.870500 0.100000 0.000000 1.500000
0.871500 0.100000 0.000000 1.500000
0.872500 0.100000 0.000000 1.500000
0.873500 0.100000 0.000000 1.500000
0.874500 0.100000 0.000000 1.500000
0.875500 0.100000 0.000000 1.500000
0.876500 0.100000 0.000000 1.500000
0.877500 0.100000 0.000000 1.500000
0.878500 0.100000 0.000000 1.500000
0.879500 0.100000 0.000000 1.500000
0.880500 0.100000 0.000000 1.500000
0.881500 0.100000 0.000000 1.500000
0.882500 0.100000 0.000000 1.500000
0.883500 0.100000 0.000000 1.500000
0.884500 0.100000 0.000000 1.500000
0.885500 0.100000 0.000000 1.500000
0.886500 0.100000 0.000000 1.500000
0.887500 0.100000 0.000000 1.500000
0.888500 0.100000 0.000000 1.500000
0.889500 0.100000 0.000000 1.500000
0.890500 0.100000 0.000000 1.500000
0.891500 0.100000 0.000000 1.500000
0.892500 0.100000 0.000000 1.500000
0.893500 0.100000 0.000000 1.500000
0.894500 0.100000 0.000000 1.500000
0.895500 0.100000 0.000000 1.500000
0.896500 0.100000 0.000000 1.500000
0.897500 0.100000 0.000000 1.500000
0.898500 0.100000 0.000000 1.500000
0.899500 0.100000 0.000000 1.500000
0.900500 0.100000 0.000000 1.500000
0.901500 0.100000 0.000000 1.500000
0.902500 0.100000 0.000000 1.500000
0.903500 0.100000 0.000000 1.500000
0.904500 0.100000 0.000000 1.500000
0.905500 0.100000 0.000000 1.500000
0.906500 0.100000 0.000000 1.500000
0.907500 0.100000 0.000000 1.500000
0.908500 0.100000 0.000000 1.500000
0.909500 0.100000 0.000000 1.500000
0.910500 0.100000 0.000000 1.500000
0.911500 0.100000 0.000000 1.500000
0.912500 0.100000 0.000000 1.500000
0.913500 0.100000 0.000000 1.500000
0.914500 0.100000 0.000000 1.500000
0.915500 0.100000 0.000000 1.500000
0.916500 0.100000 0.000000 1.500000
0.917500 0.100000 0.000000 1.500000
0.918500 0.100000 0.000000 1.500000
0.919500 0.100000 0.000000 1.500000
0.920500 0.100000 0.000000 1.500000
0.921500 0.100000 0.000000 1.500000
0.922500 0.100000 0.000000 1.500000
0.923500 0.100000 0.000000 1.500000
0.924500 0.100000 0.000000 1.500000
0.925500 0.100000 0.000000 1.500000
0.926500 0.100000 0.000000 1.500000
0.927500 0.100000 0.000000 1.500000
0.928500 0.100000 0.000000 1.500000
0.929500 0.100000 0.000000 1.500000
0.930500 0.100000 0.000000 1.500000
0.931500 0.100000 0.000000 1.500000
0.932500 0.100000 0.000000 1.500000
0.933500 0.100000 0.000000 1.500000
0.934500 0.100000 0.000000 1.500000
0.935500 0.100000 0.000000 1.500000
0.936500 0.100000 0.000000 1.500000
0.937500 0.100000 0.000000 1.500000
0.938500 0.100000 0.000000 1.500000
0.939500 0.100000 0.000000 1.500000
0.940500 0.100000 0.000000 1.500000
0.941500 0.100000 0.000000 1.500000
0.942500 0.100000 0.000000 1.500000
0.943500 0.100000 0.000000 1.500000
0.944500 0.100000 0.000000 1.500000
0.945500 0.100000 0.000000 1.500000
0.946500 0.100000 0.000000 1.500000
0.947500 0.100000 0.000000 1.500000
0.948500 0.100000 0.000000 1.500000
0.949500 0.100000 0.000000 1.500000
0.950500 0.100000 0.000000 1.500000
0.951500 0.100000 0.000000 1.500000
0.952500 0.100000 0.000000 1.500000
0.953500 0.100000 0.000000 1.500000
0.954500 0.100000 0.000000 1.500000
0.955500 0.100000 0.000000 1.500000
0.956500 0.100000 0.000000 1.500000
0.957500 0.100000 0.000000 1.500000
0.958500 0.100000 0.000000 1.500000
0.959500 0.100000 0.000000 1.500000
0.960500 0.100000 0.000000 1.500000
0.961500 0.100000 0.000000 1.500000
0.962500 0.100000 0.000000 1.500000
0.963500 0.100000 0.000000 1.500000
0.964500 0.100000 0.000000 1.500000
0.965500 0.100000 0.000000 1.500000
0.966500 0.100000 0.000000 1.500000
0.967500 0.100000 0.000000 1.500000
0.968500 0.100000 0.000000 1.500000
0.969500 0.100000 0.000000 1.500000
0.970500 0.100000 0.000000 1.500000
0.971500 0.100000 0.000000 1.500000
0.972500 0.100000 0.000000 1.500000
0.973500 0.100000 0.000000 1.500000
0.974500 0.100000 0.000000 1.500000
0.975500 0.100000 0.000000 1.500000
0.976500 0.100000 0.000000 1.500000
0.977500 0.100000 0.000000 1.500000
0.978500 0.100000 0.000000 1.500000
0.979500 0.100000 0.000000 1.500000
0.980500 0.100000 0.000000 1.500000
0.981500 0.100000 0.000000 1.500000
0.982500 0.100000 0.000000 1.500000
0.983500 0.100000 0.000000 1.500000
0.984500 0.100000 0.000000 1.500000
0.985500 0.100000 0.000000 1.500000
0.986500 0.100000 0.000000 1.500000
0.987500 0.100000 0.000000 1.500000
0.988500 0.100000 0.000000 1.500000
0.989500 0.100000 0.000000 1.500000
0.990500 0.100000 0.000000 1.500000
0.991500 0.100000 0.000000 1.500000
0.992500 0.100000 0.000000 1.500000
0.993500 0.100000 0.000000 1.500000
0.994500 0.100000 0.000000 1.500000
0.995500 0.100000 0.000000 1.500000
0.996500 0.100000 0.000000 1.500000
0.997500 0.100000 0.000000 1.500000
0.998500 0.100000 0.000000 1.500000
0.999500 0.100000 0.000000 1.500000
