0.000500 1.000000 0.000000 1500.000000
0.001500 1.000000 0.000000 1500.000000
0.002500 1.000000 0.000000 1500.000000
0.003500 1.000000 0.000000 1500.000000
0.004500 1.000000 0.000000 1500.000000
0.005500 1.000000 0.000000 1500.000000
0.006500 1.000000 0.000000 1500.000000
0.007500 1.000000 0.000000 1500.000000
0.008500 1.000000 0.000000 1500.000000
0.009500 1.000000 0.000000 1500.000000
0.010500 1.000000 0.000000 1500.000000
0.011500 1.000000 0.000000 1500.000000
0.012500 1.000000 0.000000 1500.000000
0.013500 1.000000 0.000000 1500.000000
0.014500 1.000000 0.000000 1500.000000
0.015500 1.000000 0.000000 1500.000000
0.016500 1.000000 0.000000 1500.000000
0.017500 1.000000 0.000000 1500.000000
0.018500 1.000000 0.000000 1500.000000
0.019500 1.000000 0.000000 1500.000000
0.020500 1.000000 0.000000 1500.000000
0.021500 1.000000 0.000000 1500.000000
0.022500 1.000000 0.000000 1500.000000
0.023500 1.000000 0.000000 1500.000000
0.024500 1.000000 0.000000 1500.000000
0.025500 1.000000 0.000000 1500.000000
0.026500 1.000000 0.000000 1500.000000
0.027500 1.000000 0.000000 1500.000000
0.028500 1.000000 0.000000 1500.000000
0.029500 1.000000 0.000000 1500.000000
0.030500 1.000000 0.000000 1500.000000
0.031500 1.000000 0.000000 1500.000000
0.032500 1.000000 0.000000 1500.000000
0.033500 1.000000 0.000000 1500.000000
0.034500 1.000000 0.000000 1500.000000
0.035500 1.000000 0.000000 1500.000000
0.036500 1.000000 0.000000 1500.000000
0.037500 1.000000 0.000000 1500.000000
0.038500 1.000000 0.000000 1500.000000
0.039500 1.000000 0.000000 1500.000000
0.040500 1.000000 0.000000 1500.000000
0.041500 1.000000 0.000000 1500.000000
0.042500 1.000000 0.000000 1500.000000
0.043500 1.000000 0.000000 1500.000000
0.044500 1.000000 0.000000 1500.000000
0.045500 1.000000 0.000000 1500.000000
0.046500 1.000000 0.000000 1500.000000
0.047500 1.000000 0.000000 1500.000000
0.048500 1.000000 0.000000 1500.000000
0.049500 1.000000 0.000000 1500.000000
0.050500 1.000000 0.000000 1500.000000
0.051500 1.000000 0.000000 1500.000000
0.052500 1.000000 0.000000 1500.000000
0.053500 1.000000 0.000000 1500.000000
0.054500 1.000000 0.000000 1500.000000
0.055500 1.000000 0.000000 1500.000000
0.056500 1.000000 0.000000 1500.000000
0.057500 1.000000 0.000000 1500.000000
0.058500 1.000000 0.000000 1500.000000
0.059500 1.000000 0.000000 1500.000000
0.060500 1.000000 0.000000 1500.000000
0.061500 1.000000 0.000000 1500.000000
0.062500 1.000000 0.000000 1500.000000
0.063500 1.000000 0.000000 1500.000000
0.064500 1.000000 0.000000 1500.000000
0.065500 1.000000 0.000000 1500.000000
0.066500 1.000000 0.000000 1500.000000
0.067500 1.000000 0.000000 1500.000000
0.068500 1.000000 0.000000 1500.000000
0.069500 1.000000 0.000000 1500.000000
0.070500 1.000000 0.000000 1500.000000
0.071500 1.000000 0.000000 1500.000000
0.072500 1.000000 0.000000 1500.000000
0.073500 1.000000 0.000000 1500.000000
0.074500 1.000000 0.000000 1500.000000
0.075500 1.000000 0.000000 1500.000000
0.076500 1.000000 0.000000 1500.000000
0.077500 1.000000 0.000000 1500.000000
0.078500 1.000000 0.000000 1500.000000
0.079500 1.000000 0.000000 1500.000000
0.080500 1.000000 0.000000 1500.000000
0.081500 1.000000 0.000000 1500.000000
0.082500 1.000000 0.000000 1500.000000
0.083500 1.000000 0.000000 1500.000000
0.084500 1.000000 0.000000 1500.000000
0.085500 1.000000 0.000000 1500.000000
0.086500 1.000000 0.000000 1500.000000
0.087500 1.000000 0.000000 1500.000000
0.088500 1.000000 0.000000 1500.000000
0.089500 1.000000 0.000000 1500.000000
0.090500 1.000000 0.000000 1500.000000
0.091500 1.000000 0.000000 1500.000000
0.092500 1.000000 0.000000 1500.000000
0.093500 1.000000 0.000000 1500.000000
0.094500 1.000000 0.000000 1500.000000
0.095500 1.000000 0.000000 1500.000000
0.096500 1.000000 0.000000 1500.000000
0.097500 1.000000 0.000000 1500.000000
0.098500 1.000000 0.000000 1500.000000
0.099500 1.000000 0.000000 1500.000000
0.100500 1.000000 0.000000 1500.000000
0.101500 1.000000 0.000000 1500.000000
0.102500 1.000000 0.000000 1500.000000
0.103500 1.000000 0.000000 1500.000000
0.104500 1.000000 0.000000 1500.000000
0.105500 1.000000 0.000000 1500.000000
0.106500 1.000000 0.000000 1500.000000
0.107500 1.000000 0.000000 1500.000000
0.108500 1.000000 0.000000 1500.000000
0.109500 1.000000 0.000000 1500.000000
0.110500 1.000000 0.000000 1500.000000
0.111500 1.000000 0.000000 1500.000000
0.112500 1.000000 0.000000 1500.000000
0.113500 1.000000 0.000000 1500.000000
0.114500 1.000000 0.000000 1500.000000
0.115500 1.000000 0.000000 1500.000000
0.116500 1.000000 0.000000 1500.000000
0.117500 1.000000 0.000000 1500.000000
0.118500 1.000000 0.000000 1500.000000
0.119500 1.000000 0.000000 1500.000000
0.120500 1.000000 0.000000 1500.000000
0.121500 1.000000 0.000000 1500.000000
0.122500 1.000000 0.000000 1500.000000
0.123500 1.000000 0.000000 1500.000000
0.124500 1.000000 0.000000 1500.000000
0.125500 1.000000 0.000000 1500.000000
0.126500 1.000000 0.000000 1500.000000
0.127500 1.000000 0.000000 1500.000000
0.128500 1.000000 0.000000 1500.000000
0.129500 1.000000 0.000000 1500.000000
0.130500 1.000000 0.000000 1500.000000
0.131500 1.000000 0.000000 1500.000000
0.132500 1.000000 0.000000 1500.000000
0.133500 1.000000 0.000000 1500.000000
0.134500 1.000000 0.000000 1500.000000
0.135500 1.000000 0.000000 1500.000000
0.136500 1.000000 0.000000 1500.000000
0.137500 1.000000 0.000000 1500.000000
0.138500 1.000000 0.000000 1500.000000
0.139500 1.000000 0.000000 1500.000000
0.140500 1.000000 0.000000 1500.000000
0.141500 1.000000 0.000000 1500.000000
0.142500 1.000000 0.000000 1500.000000
0.143500 1.000000 0.000000 1500.000000
0.144500 1.000000 0.000000 1500.000000
0.145500 1.000000 0.000000 1500.000000
0.146500 1.000000 0.000000 1500.000000
0.147500 1.000000 0.000000 1500.000000
0.148500 1.000000 0.000000 1500.000000
0.149500 1.000000 0.000000 1500.000000
0.150500 1.000000 0.000000 1500.000000
0.151500 1.000000 0.000000 1500.000000
0.152500 1.000000 0.000000 1500.000000
0.153500 1.000000 0.000000 1500.000000
0.154500 1.000000 0.000000 1500.000000
0.155500 1.000000 0.000000 1500.000000
0.156500 1.000000 0.000000 1500.000000
0.157500 1.000000 0.000000 1500.000000
0.158500 1.000000 0.000000 1500.000000
0.159500 1.000000 0.000000 1500.000000
0.160500 1.000000 0.000000 1500.000000
0.161500 1.000000 0.000000 1500.000000
0.162500 1.000000 0.000000 1500.000000
0.163500 1.000000 0.000000 1500.000000
0.164500 1.000000 0.000000 1500.000000
0.165500 1.000000 0.000000 1500.000000
0.166500 1.000000 0.000000 1500.000000
0.167500 1.000000 0.000000 1500.000000
0.168500 1.000000 0.000000 1500.000000
0.169500 1.000000 0.000000 1500.000000
0.170500 1.000000 0.000000 1500.000000
0.171500 1.000000 0.000000 1500.000000
0.172500 1.000000 0.000000 1500.000000
0.173500 1.000000 0.000000 1500.000000
0.174500 1.000000 0.000000 1500.000000
0.175500 1.000000 0.000000 1500.000000
0.176500 1.000000 0.000000 1500.000000
0.177500 1.000000 0.000000 1500.000000
0.178500 1.000000 0.000000 1500.000000
0.179500 1.000000 0.000000 1500.000000
0.180500 1.000000 0.000000 1500.000000
0.181500 1.000000 0.000000 1500.000000
0.182500 1.000000 0.000000 1500.000000
0.183500 1.000000 0.000000 1500.000000
0.184500 1.000000 0.000000 1500.000000
0.185500 1.000000 0.000000 1500.000000
0.186500 1.000000 0.000000 1500.000000
0.187500 1.000000 0.000000 1500.000000
0.188500 1.000000 0.000000 1500.000000
0.189500 1.000000 0.000000 1500.000000
0.190500 1.000000 0.000000 1500.000000
0.191500 1.000000 0.000000 1500.000000
0.192500 1.000000 0.000000 1500.000000
0.193500 1.000000 0.000000 1500.000000
0.194500 1.000000 0.000000 1500.000000
0.195500 1.000000 0.000000 1500.000000
0.196500 1.000000 0.000000 1500.000000
0.197500 1.000000 0.000000 1500.000000
0.198500 1.000000 0.000000 1500.000000
0.199500 1.000000 0.000000 1500.000000
0.200500 1.000000 0.000000 1500.000000
0.201500 1.000000 0.000000 1500.000000
0.202500 1.000000 0.000000 1500.000000
0.203500 1.000000 0.000000 1500.000000
0.204500 1.000000 0.000000 1500.000000
0.205500 1.000000 0.000000 1500.000000
0.206500 1.000000 0.000000 1500.000000
0.207500 1.000000 0.000000 1500.000000
0.208500 1.000000 0.000000 1500.000000
0.209500 1.000000 0.000000 1500.000000
0.210500 1.000000 0.000000 1500.000000
0.211500 1.000000 0.000000 1500.000000
0.212500 1.000000 0.000000 1500.000000
0.213500 1.000000 0.000000 1500.000000
0.214500 1.000000 0.000000 1500.000000
0.215500 1.000000 0.000000 1500.000000
0.216500 1.000000 0.000000 1500.000000
0.217500 1.000000 0.000000 1500.000000
0.218500 1.000000 0.000000 1500.000000
0.219500 1.000000 0.000000 1500.000000
0.220500 1.000000 0.000000 1500.000000
0.221500 1.000000 0.000000 1500.000000
0.222500 1.000000 0.000000 1500.000000
0.223500 1.000000 0.000000 1500.000000
0.224500 1.000000 0.000000 1500.000000
0.225500 1.000000 0.000000 1500.000000
0.226500 1.000000 0.000000 1500.000000
0.227500 1.000000 0.000000 1500.000000
0.228500 1.000000 0.000000 1500.000000
0.229500 1.000000 0.000000 1500.000000
0.230500 1.000000 0.000000 1500.000000
0.231500 1.000000 0.000000 1500.000000
0.232500 1.000000 0.000000 1500.000000
0.233500 1.000000 0.000000 1500.000000
0.234500 1.000000 0.000000 1500.000000
0.235500 1.000000 0.000000 1500.000000
0.236500 1.000000 0.000000 1500.000000
0.237500 1.000000 0.000000 1500.000000
0.238500 1.000000 0.000000 1500.000000
0.239500 1.000000 0.000000 1500.000000
0.240500 1.000000 0.000000 1500.000000
0.241500 1.000000 0.000000 1500.000000
0.242500 1.000000 0.000000 1500.000000
0.243500 1.000000 0.000000 1500.000000
0.244500 1.000000 0.000000 1500.000000
0.245500 1.000000 0.000000 1500.000000
0.246500 1.000000 0.000000 1500.000000
0.247500 1.000000 0.000000 1500.000000
0.248500 1.000000 0.000000 1500.000000
0.249500 1.000000 0.000000 1500.000000
0.250500 1.000000 0.000000 1500.000000
0.251500 1.000000 0.000000 1500.000000
0.252500 1.000000 0.000000 1500.000000
0.253500 1.000000 0.000000 1500.000000
0.254500 1.000000 0.000000 1500.000000
0.255500 1.000000 0.000000 1500.000000
0.256500 1.000000 0.000000 1500.000000
0.257500 1.000000 0.000000 1500.000000
0.258500 1.000000 0.000000 1500.000000
0.259500 1.000000 0.000000 1500.000000
0.260500 1.000000 0.000000 1500.000000
0.261500 1.000000 0.000000 1500.000000
0.262500 1.000000 0.000000 1500.000000
0.263500 1.000000 0.000000 1500.000000
0.264500 1.000000 0.000000 1500.000000
0.265500 1.000000 0.000000 1500.000000
0.266500 1.000000 0.000000 1500.000000
0.267500 1.000000 0.000000 1500.000000
0.268500 1.000000 0.000000 1500.000000
0.269500 1.000000 0.000000 1500.000000
0.270500 1.000000 0.000000 1500.000000
0.271500 1.000000 0.000000 1500.000000
0.272500 1.000000 0.000000 1500.000000
0.273500 1.000000 0.000000 1500.000000
0.274500 1.000000 0.000000 1500.000000
0.275500 1.000000 0.000000 1500.000000
0.276500 1.000000 0.000000 1500.000000
0.277500 1.000000 0.000000 1500.000000
0.278500 1.000000 0.000000 1500.000000
0.279500 1.000000 0.000000 1500.000000
0.280500 1.000000 0.000000 1500.000000
0.281500 1.000000 0.000000 1500.000000
0.282500 1.000000 0.000000 1500.000000
0.283500 1.000000 0.000000 1500.000000
0.284500 1.000000 0.000000 1500.000000
0.285500 1.000000 0.000000 1500.000000
0.286500 1.000000 0.000000 1500.000000
0.287500 1.000000 0.000000 1500.000000
0.288500 1.000000 0.000000 1500.000000
0.289500 1.000000 0.000000 1500.000000
0.290500 1.000000 0.000000 1500.000000
0.291500 1.000000 0.000000 1500.000000
0.292500 1.000000 0.000000 1500.000000
0.293500 1.000000 0.000000 1500.000000
0.294500 1.000000 0.000000 1500.000000
0.295500 1.000000 0.000000 1500.000000
0.296500 1.000000 0.000000 1500.000000
0.297500 1.000000 0.000000 1500.000000
0.298500 1.000000 0.000000 1500.000000
0.299500 1.000000 0.000000 1500.000000
0.300500 1.000000 0.000000 1500.000000
0.301500 1.000000 0.000000 1500.000000
0.302500 1.000000 0.000000 1500.000000
0.303500 1.000000 0.000000 1500.000000
0.304500 1.000000 0.000000 1500.000000
0.305500 1.000000 0.000000 1500.000000
0.306500 1.000000 0.000000 1500.000000
0.307500 1.000000 0.000000 1500.000000
0.308500 1.000000 0.000000 1500.000000
0.309500 1.000000 0.000000 1500.000000
0.310500 1.000000 0.000000 1500.000000
0.311500 1.000000 0.000000 1500.000000
0.312500 1.000000 0.000000 1500.000000
0.313500 1.000000 0.000000 1500.000000
0.314500 1.000000 0.000000 1500.000000
0.315500 1.000000 0.000000 1500.000000
0.316500 1.000000 0.000000 1500.000000
0.317500 1.000000 0.000000 1500.000000
0.318500 1.000000 0.000000 1500.000000
0.319500 1.000000 0.000000 1500.000000
0.320500 1.000000 0.000000 1500.000000
0.321500 1.000000 0.000000 1500.000000
0.322500 1.000000 0.000000 1500.000000
0.323500 1.000000 0.000000 1500.000000
0.324500 1.000000 0.000000 1500.000000
0.325500 1.000000 0.000000 1500.000000
0.326500 1.000000 0.000000 1500.000000
0.327500 1.000000 0.000000 1500.000000
0.328500 1.000000 0.000000 1500.000000
0.329500 1.000000 0.000000 1500.000000
0.330500 1.000000 0.000000 1500.000000
0.331500 1.000000 0.000000 1500.000000
0.332500 1.000000 0.000000 1500.000000
0.333500 1.000000 0.000000 1500.000000
0.334500 1.000000 0.000000 1500.000000
0.335500 1.000000 0.000000 1500.000000
0.336500 1.000000 0.000000 1500.000000
0.337500 1.000000 0.000000 1500.000000
0.338500 1.000000 0.000000 1500.000000
0.339500 1.000000 0.000000 1500.000000
0.340500 1.000000 0.000000 1500.000000
0.341500 1.000000 0.000000 1500.000000
0.342500 1.000000 0.000000 1500.000000
0.343500 1.000000 0.000000 1500.000000
0.344500 1.000000 0.000000 1500.000000
0.345500 1.000000 0.000000 1500.000000
0.346500 1.000000 0.000000 1500.000000
0.347500 1.000000 0.000000 1500.000000
0.348500 1.000000 0.000000 1500.000000
0.349500 1.000000 0.000000 1500.000000
0.350500 1.000000 0.000000 1500.000000
0.351500 1.000000 0.000000 1500.000000
0.352500 1.000000 0.000000 1500.000000
0.353500 1.000000 0.000000 1500.000000
0.354500 1.000000 0.000000 1500.000000
0.355500 1.000000 0.000000 1500.000000
0.356500 1.000000 0.000000 1500.000000
0.357500 1.000000 0.000000 1500.000000
0.358500 1.000000 0.000000 1500.000000
0.359500 1.000000 0.000000 1500.000000
0.360500 1.000000 0.000000 1500.000000
0.361500 1.000000 0.000000 1500.000000
0.362500 1.000000 0.000000 1500.000000
0.363500 1.000000 0.000000 1500.000000
0.364500 1.000000 0.000000 1500.000000
0.365500 1.000000 0.000000 1500.000000
0.366500 1.000000 0.000000 1500.000000
0.367500 1.000000 0.000000 1500.000000
0.368500 1.000000 0.000000 1500.000000
0.369500 1.000000 0.000000 1500.000000
0.370500 1.000000 0.000000 1500.000000
0.371500 1.000000 0.000000 1500.000000
0.372500 1.000000 0.000000 1500.000000
0.373500 1.000000 0.000000 1500.000000
0.374500 1.000000 0.000000 1500.000000
0.375500 1.000000 0.000000 1500.000000
0.376500 1.000000 0.000000 1500.000000
0.377500 1.000000 0.000000 1500.000000
0.378500 1.000000 0.000000 1500.000000
0.379500 1.000000 0.000000 1500.000000
0.380500 1.000000 0.000000 1500.000000
0.381500 1.000000 0.000000 1500.000000
0.382500 1.000000 0.000000 1500.000000
0.383500 1.000000 0.000000 1500.000000
0.384500 1.000000 0.000000 1500.000000
0.385500 1.000000 0.000000 1500.000000
0.386500 1.000000 0.000000 1500.000000
0.387500 1.000000 0.000000 1500.000000
0.388500 1.000000 0.000000 1500.000000
0.389500 1.000000 0.000000 1500.000000
0.390500 1.000000 0.000000 1500.000000
0.391500 1.000000 0.000000 1500.000000
0.392500 1.000000 0.000000 1500.000000
0.393500 1.000000 0.000000 1500.000000
0.394500 1.000000 0.000000 1500.000000
0.395500 1.000000 0.000000 1500.000000
0.396500 1.000000 0.000000 1500.000000
0.397500 1.000000 0.000000 1500.000000
0.398500 1.000000 0.000000 1500.000000
0.399500 1.000000 0.000000 1500.000000
0.400500 1.000000 0.000000 1500.000000
0.401500 1.000000 0.000000 1500.000000
0.402500 1.000000 0.000000 1500.000000
0.403500 1.000000 0.000000 1500.000000
0.404500 1.000000 0.000000 1500.000000
0.405500 1.000000 0.000000 1500.000000
0.406500 1.000000 0.000000 1500.000000
0.407500 1.000000 0.000000 1500.000000
0.408500 1.000000 0.000000 1500.000000
0.409500 1.000000 0.000000 1500.000000
0.410500 1.000000 0.000000 1500.000000
0.411500 1.000000 0.000000 1500.000000
0.412500 1.000000 0.000000 1500.000000
0.413500 1.000000 0.000000 1500.000000
0.414500 1.000000 0.000000 1500.000000
0.415500 1.000000 0.000000 1500.000000
0.416500 1.000000 0.000000 1500.000000
0.417500 1.000000 0.000000 1500.000000
0.418500 1.000000 0.000000 1500.000000
0.419500 1.000000 0.000000 1500.000000
0.420500 1.000000 0.000000 1500.000000
0.421500 1.000000 0.000000 1500.000000
0.422500 1.000000 0.000000 1500.000000
0.423500 1.000000 0.000000 1500.000000
0.424500 1.000000 0.000000 1500.000000
0.425500 1.000000 0.000000 1500.000000
0.426500 1.000000 0.000000 1500.000000
0.427500 1.000000 0.000000 1500.000000
0.428500 1.000000 0.000000 1500.000000
0.429500 1.000000 0.000000 1500.000000
0.430500 1.000000 0.000000 1500.000000
0.431500 1.000000 0.000000 1500.000000
0.432500 1.000000 0.000000 1500.000000
0.433500 1.000000 0.000000 1500.000000
0.434500 1.000000 0.000000 1500.000000
0.435500 1.000000 0.000000 1500.000000
0.436500 1.000000 0.000000 1500.000000
0.437500 1.000000 0.000000 1500.000000
0.438500 1.000000 0.000000 1500.000000
0.439500 1.000000 0.000000 1500.000000
0.440500 1.000000 0.000000 1500.000000
0.441500 1.000000 0.000000 1500.000000
0.442500 1.000000 0.000000 1500.000000
0.443500 1.000000 0.000000 1500.000000
0.444500 1.000000 0.000000 1500.000000
0.445500 1.000000 0.000000 1500.000000
0.446500 1.000000 0.000000 1500.000000
0.447500 1.000000 0.000000 1500.000000
0.448500 1.000000 0.000000 1500.000000
0.449500 1.000000 0.000000 1500.000000
0.450500 1.000000 0.000000 1500.000000
0.451500 1.000000 0.000000 1500.000000
0.452500 1.000000 0.000000 1500.000000
0.453500 1.000000 0.000000 1500.000000
0.454500 1.000000 0.000000 1500.000000
0.455500 1.000000 0.000000 1500.000000
0.456500 1.000000 0.000000 1500.000000
0.457500 1.000000 0.000000 1500.000000
0.458500 1.000000 0.000000 1500.000000
0.459500 1.000000 0.000000 1500.000000
0.460500 1.000000 0.000000 1500.000000
0.461500 1.000000 0.000000 1500.000000
0.462500 1.000000 0.000000 1500.000000
0.463500 1.000000 0.000000 1500.000000
0.464500 1.000000 0.000000 1500.000000
0.465500 1.000000 0.000000 1500.000000
0.466500 1.000000 0.000000 1500.000000
0.467500 1.000000 0.000000 1500.000000
0.468500 1.000000 0.000000 1500.000000
0.469500 1.000000 0.000000 1500.000000
0.470500 1.000000 0.000000 1500.000000
0.471500 1.000000 0.000000 1500.000000
0.472500 1.000000 0.000000 1500.000000
0.473500 1.000000 0.000000 1500.000000
0.474500 1.000000 0.000000 1500.000000
0.475500 1.000000 0.000000 1500.000000
0.476500 1.000000 0.000000 1500.000000
0.477500 1.000000 0.000000 1500.000000
0.478500 1.000000 0.000000 1500.000000
0.479500 1.000000 0.000000 1500.000000
0.480500 -7306593285395360.000000 15969360010054092800.000000 -17451444628548579491840.000000
0.481500 29045422402243921202500337664.000000 70246807177286678909254904015061270921216.000000 63709874210714446481405837624117467316492475050229760.000000
0.482500 -30704181741585396914834820809397378983382776101094215959707648.000000 -309792179311615198104183552721239734074775835729745277458150719463505264640.000000 -759006177317340132688383167324277712172914910108503971326159257558951761142712631296000.000000
0.483500 927344096791957088609837906353557202250078839831089797924965573178484585770356334059008028591010086912.000000 14208959510269242075071991041109039023736628976630558877352609928475176537516421193285384453197810779266560693370880.000000 -817106734111072004068888051644372690348010225783706143335716033810640247758707771802635910179948085438056194169502952096614318080.000000
0.484500 64532980017981663019903720876354657631245190372957073950245057307519618450045722938234309434105761057722497412259526407480011235821111454900158464.000000 -32577474588636453067518331007880705563797759334111788393070737064530526895729722223710213634181856065178781744267883460208359329052163253151164798276999550337024.000000 -8888588351550874308276757320248040740555880400010452853462781387604286310750486159867793120321909035186904033299630508792340105012511861643193133110238698556978822955835326464.000000
0.485500 413104811144075712231610907680959789888590087954980792042573833896503700718154063357289738270739967465524113862853053734034479607977921354938203721394611047673382220825942364426641604795195075854336.000000 997943147272914474598555984056642822555122474567063600241507609818482227133202672443962845543892548404784241767390566252436852858701994344749419318161608341455938392012151539382090057674026154603628319507621085184.000000 -2750873029690194481691930067927514904209610311024018065217946442132304922507013679426985626494564877976856789267403296313361214710657025625811053161077358090963464537877623601879298107415568204690723275440332367374159089449828352.000000
0.486500 1539571210165594412654485378234237890318965147296765182393467717755245270001166881688616770906911592699068777969151392927834595492208155936447286737652647124891219883620017925428160568227264432817751661183087260086397079517664424010728601339245698744320.000000 -26891105177757799863758004663317515222156204931555188527469298680168713699532945612090654556076150316699394889762119624071731498097087387170516494831358039204698036080921328587935258263806838931390116957548839310767314015109044716858090313810200097736945697223736295424.000000 -94952960618781213626696006470989301442550615381772382317484962048072350195048110667027683437684628805231856229785767705222599884668178983872987751134438226095590550874121153322958173978260929493893914477388913495921163294123855245417348691780103435381264889518110751085616991432949628928.000000
0.487500 -nan(ind) -nan(ind) -nan(ind)
0.488500 -nan(ind) -nan(ind) -nan(ind)
0.489500 -nan(ind) -nan(ind) -nan(ind)
0.490500 -nan(ind) -nan(ind) -nan(ind)
0.491500 -nan(ind) -nan(ind) -nan(ind)
0.492500 -nan(ind) -nan(ind) -nan(ind)
0.493500 -nan(ind) -nan(ind) -nan(ind)
0.494500 -nan(ind) -nan(ind) -nan(ind)
0.495500 -nan(ind) -nan(ind) -nan(ind)
0.496500 -nan(ind) -nan(ind) -nan(ind)
0.497500 -nan(ind) -nan(ind) -nan(ind)
0.498500 -nan(ind) -nan(ind) -nan(ind)
0.499500 -nan(ind) -nan(ind) -nan(ind)
0.500500 -nan(ind) -nan(ind) -nan(ind)
0.501500 -nan(ind) -nan(ind) -nan(ind)
0.502500 -nan(ind) -nan(ind) -nan(ind)
0.503500 -29466100972627104629981215303576901394438025681892943987331992727942505450636531770250129279342682934942669949469804232670446987028448084785242940697190071379040754834253807616.000000 -378932813422958747436274253428279809446642686517897364422373063183651247048831942416265659250250192996781031084076812298496669524836633553393407137744760233324112846305168777369398280192.000000 -2436112147105644631477201209278635831582925409178627778525567335237645271878290598784235388290657088919445195289378618346505642085160939669845215995940933494504990094271760671147619957523771031552.000000
0.504500 2167795036205809649522489026362843100647137881576503498985082050433576338438421007356359995366666677451588111713398023797547344345236500758797910947272815894207660032.000000 18551821545665395260288915974263141282439252017934829571919798060010437165269875194238075442390563155789514666678058933658926869787568069265333983304082388791349165317232263168.000000 79382511263992152985536549249219414062241371493925042471087547558676028907984022632847531013824928107807637766569451610524020407351698620118302911946385822793320772582975040686764589056.000000
0.505500 26226762255366905445236960231239287096658330891554081575724593597926809427983158993280919824185591632930942734045534539002589397565587882912645141811454541824.000000 139971006646795434320388255080752679873615056830823229777928943074256710200732224733553400095146334378903152647637033662078660002960697330415310568254725036712367489024.000000 373509263415182239131981414230994899463300843282695044475639789349009370693582173481867576973127743271424429656082283642998455205303554360956362525702818259184820033456829366272.000000
0.506500 8049525372656384331844984988188485565528624170258215267398647380204713048802387020758590612184539970685022733708366896163419577741778913435754940130589147136.000000 17624119959511721963545923529835176285754630038767170499704998883131901581518439180343603942381505585999129858903078206144749381041742735994889588935182049514465787904.000000 19293627974974505935650433360232911123419729337692424633023896084358313389592506886317137014646126226539496118603145698706024833609009400262728207494895803714172429530264764416.000000
0.507500 -1197838766539931281201686673703540148705641003147286782461914448841791539824000738729953520200578282359786659210991856401776640.000000 -4131389298088543206364951000387011799998448255460609225225771918896860535451065913387466619279738028584058823627131926338424687965503488.000000 -2738872482739103595974009750900062483912844695964653996435489639726691775556999989250600225628551418093768552056013581039229751100421646065860608.000000
0.508500 33830138105320983962071632256403478467118842180373546689875367242130263209817929512718991167720335792347840336547479623303168.000000 101537589545709259974179682601559226057004844640433517878345562753174517753896655574138887211960535174890252346019406675835328460226560.000000 146596384135892554255933714602470412054084033424653790882397605513733813256784784244365151605717438603566032820590697136613656851419869741056000.000000
0.509500 -138124131873995513159337533735314529657369792584003666646629015581225740126664813185631932305903906887128072174509752320.000000 29462613182095634441712931241694330845385596724899368449785925731358096211096089932516356323991837135177516068442354688720896.000000 362781000280190769264419552938861977952066322165401994612635703479622773047199390991304591724095711156288637012148090188983066627359637504.000000
0.510500 147573351676702800564117007780100186376612641767958367998348974693258682596957276346273687470177858379560517632.000000 -1759270297136990278629329018049788689165616205267828172873998256655021362095296194934777539024088221268993080859557888.000000 10467603196289435059166143235202185400288921640631094726053740822157295931771756735034061259750850931514359493202600590835712.000000
0.511500 -19800550613747514085346627389374323379836667462194521734267865445410593038999180518963703701940784974763393024.000000 234864723444200868149973562168578267445163273209825480418118451603378238800106991404952306467894820683023685676695552.000000 -1388020502334409143618428343528587643926897453884554932086330475130315138388290378436820143943680906656899903046032111435776.000000
0.512500 4709899906779189914467460952438157949309890160485387429922509877111409439554752083927505043456.000000 -16881339832037643043390033130983609176080423078003683254242605877965846064093419422752066295725817856.000000 30251138690628171356362050940175890342819879514125974067397785798875418511054313935864855340707654085378048.000000
0.513500 -19992438573872793554866657161092694548591049099410372324418997424405119076042539008.000000 34738015528549998483042961125956618139799177006397401723593303479018284639619610291732480.000000 -30179632797297333422200858721147599780804178321242177647853723155258367535643168955698107121664.000000
0.514500 -7517501726146412702991477785512706399657050141401809156208484008943681536.000000 -9072847126271276762129285231972051203826540694332200254375658831391734408151040.000000 325347013412712625313681103582390162548456555996395345760142139690212663904363293442048.000000
0.515500 15856976825276229974340743726126139029482369039560016680753712522197991424.000000 29566170470963553028558960684904084688342763108904189421601748023387369129377792.000000 -761169323032918316816719517298991236833295700189249747976055371579672093663108834263040.000000
0.516500 -9510616061722715474058661150253781649663830585145703170799670531865968640.000000 -4202292937540286621065146043689048435174619296955307272467777767111815663190016.000000 281869370313945947184266270765918776325382869562573421429918727694733551953895638433792.000000
0.517500 -32895098271431759853641925950791523034173973268767739329520861184.000000 105826226472027258019205402490127661378434958855111367000950399377080320.000000 -164371683266625984865894828212869002081429841462350282471969904208661979332608.000000
0.518500 -6132299155138100618861079810925657933066520254308484644864.000000 -38708679257360704695882666583329193751289036328587828786102272.000000 1738893008055540974107316134051383695312733594352946076020463632384.000000
0.519500 3933094095346726876680256014390240730515047584086781591552.000000 -31526093737731209398116641826729358585361605251847333989056512.000000 -96630738105417116631764458713278106218645058430629734743629889536.000000
0.520500 -10349602245471254144185212416128688408577098570273487060992.000000 2542847063601928607404664110844726028009643528251561985703936.000000 231163808882470598497154334270570888659505480789140272454458933248.000000
0.521500 -1810341155016061176248527978028335104.000000 8575116702915517739474835485623773560832.000000 -19928683253224218438548979999657749636972544.000000
0.522500 3651533119409785783570154469195776.000000 -17229893471775064551316118692155097088.000000 40631453280231555845251449062821004836864.000000
0.523500 -236760753121830831955672616140800.000000 2274815952883484509680708733045309440.000000 -10937997307043795631824890932531564642304.000000
0.524500 236638533255786697879623397539840.000000 -2274218101039831884827797886628528128.000000 10936739668745962206279950882017883717632.000000
0.525500 1424811151852612466223553183744.000000 -10979021005256991978140741658476544.000000 42301221970664072539147350346613915648.000000
0.526500 27995327150041396506787840.000000 -378689700069161763493296209920.000000 1727290679801086573673480038907904.000000
0.527500 -867057248243043572107674910720.000000 19491719573579180415622198876700672.000000 -165533471146299500626555507173488590848.000000
0.528500 182773254636512411648.000000 965727218247510121250816.000000 2551195550798301372780380160.000000
0.529500 -401482687529455859007488.000000 -3628426196315380108715098112.000000 -17681541828254929057652485914624.000000
0.530500 535962229318926.625000 -29895206843246858240.000000 -66767678827404652969984.000000
0.531500 -1481741624348.208252 1830421315563945.500000 16195186124706854912.000000
0.532500 -251949337830152576.000000 -1092337018228952268800.000000 -1224427765927695119024128.000000
0.533500 1200646022923175.000000 -169534959160724520960.000000 -160163219830393505742585856.000000
0.534500 31224275513487338242048.000000 -15292038899145829459379093504.000000 3695799325444715619233086620827648.000000
0.535500 -31426683128997889441792.000000 15478697357984012845692485632.000000 -3820178076081162707138106651312128.000000
0.536500 3501610419679209.000000 -15746326396461844480.000000 35395699201681574068224.000000
0.537500 44585409626792.531250 -23647160204316252.000000 6262153746798938112.000000
0.538500 2721618713.482517 -82603047910.741882 1245359646371.260498
0.539500 -0.030588 3.517786 104.325156
0.540500 0.031262 4.460853 152.893363
0.541500 0.034837 -0.506697 -0.221201
0.542500 0.131830 0.323364 3.571201
0.543500 0.100000 0.000000 1.500000
0.544500 0.100000 0.000000 1.500000
0.545500 0.100000 0.000000 1.500000
0.546500 0.100000 0.000000 1.500000
0.547500 0.100000 0.000000 1.500000
0.548500 0.100000 0.000000 1.500000
0.549500 0.100000 0.000000 1.500000
0.550500 0.100000 0.000000 1.500000
0.551500 0.100000 0.000000 1.500000
0.552500 0.100000 0.000000 1.500000
0.553500 0.100000 0.000000 1.500000
0.554500 0.100000 0.000000 1.500000
0.555500 0.100000 0.000000 1.500000
0.556500 0.100000 0.000000 1.500000
0.557500 0.100000 0.000000 1.500000
0.558500 0.100000 0.000000 1.500000
0.559500 0.100000 0.000000 1.500000
0.560500 0.100000 0.000000 1.500000
0.561500 0.100000 0.000000 1.500000
0.562500 0.100000 0.000000 1.500000
0.563500 0.100000 0.000000 1.500000
0.564500 0.100000 0.000000 1.500000
0.565500 0.100000 0.000000 1.500000
0.566500 0.100000 0.000000 1.500000
0.567500 0.100000 0.000000 1.500000
0.568500 0.100000 0.000000 1.500000
0.569500 0.100000 0.000000 1.500000
0.570500 0.100000 0.000000 1.500000
0.571500 0.100000 0.000000 1.500000
0.572500 0.100000 0.000000 1.500000
0.573500 0.100000 0.000000 1.500000
0.574500 0.100000 0.000000 1.500000
0.575500 0.100000 0.000000 1.500000
0.576500 0.100000 0.000000 1.500000
0.577500 0.100000 0.000000 1.500000
0.578500 0.100000 0.000000 1.500000
0.579500 0.100000 0.000000 1.500000
0.580500 0.100000 0.000000 1.500000
0.581500 0.100000 0.000000 1.500000
0.582500 0.100000 0.000000 1.500000
0.583500 0.100000 0.000000 1.500000
0.584500 0.100000 0.000000 1.500000
0.585500 0.100000 0.000000 1.500000
0.586500 0.100000 0.000000 1.500000
0.587500 0.100000 0.000000 1.500000
0.588500 0.100000 0.000000 1.500000
0.589500 0.100000 0.000000 1.500000
0.590500 0.100000 0.000000 1.500000
0.591500 0.100000 0.000000 1.500000
0.592500 0.100000 0.000000 1.500000
0.593500 0.100000 0.000000 1.500000
0.594500 0.100000 0.000000 1.500000
0.595500 0.100000 0.000000 1.500000
0.596500 0.100000 0.000000 1.500000
0.597500 0.100000 0.000000 1.500000
0.598500 0.100000 0.000000 1.500000
0.599500 0.100000 0.000000 1.500000
0.600500 0.100000 0.000000 1.500000
0.601500 0.100000 0.000000 1.500000
0.602500 0.100000 0.000000 1.500000
0.603500 0.100000 0.000000 1.500000
0.604500 0.100000 0.000000 1.500000
0.605500 0.100000 0.000000 1.500000
0.606500 0.100000 0.000000 1.500000
0.607500 0.100000 0.000000 1.500000
0.608500 0.100000 0.000000 1.500000
0.609500 0.100000 0.000000 1.500000
0.610500 0.100000 0.000000 1.500000
0.611500 0.100000 0.000000 1.500000
0.612500 0.100000 0.000000 1.500000
0.613500 0.100000 0.000000 1.500000
0.614500 0.100000 0.000000 1.500000
0.615500 0.100000 0.000000 1.500000
0.616500 0.100000 0.000000 1.500000
0.617500 0.100000 0.000000 1.500000
0.618500 0.100000 0.000000 1.500000
0.619500 0.100000 0.000000 1.500000
0.620500 0.100000 0.000000 1.500000
0.621500 0.100000 0.000000 1.500000
0.622500 0.100000 0.000000 1.500000
0.623500 0.100000 0.000000 1.500000
0.624500 0.100000 0.000000 1.500000
0.625500 0.100000 0.000000 1.500000
0.626500 0.100000 0.000000 1.500000
0.627500 0.100000 0.000000 1.500000
0.628500 0.100000 0.000000 1.500000
0.629500 0.100000 0.000000 1.500000
0.630500 0.100000 0.000000 1.500000
0.631500 0.100000 0.000000 1.500000
0.632500 0.100000 0.000000 1.500000
0.633500 0.100000 0.000000 1.500000
0.634500 0.100000 0.000000 1.500000
0.635500 0.100000 0.000000 1.500000
0.636500 0.100000 0.000000 1.500000
0.637500 0.100000 0.000000 1.500000
0.638500 0.100000 0.000000 1.500000
0.639500 0.100000 0.000000 1.500000
0.640500 0.100000 0.000000 1.500000
0.641500 0.100000 0.000000 1.500000
0.642500 0.100000 0.000000 1.500000
0.643500 0.100000 0.000000 1.500000
0.644500 0.100000 0.000000 1.500000
0.645500 0.100000 0.000000 1.500000
0.646500 0.100000 0.000000 1.500000
0.647500 0.100000 0.000000 1.500000
0.648500 0.100000 0.000000 1.500000
0.649500 0.100000 0.000000 1.500000
0.650500 0.100000 0.000000 1.500000
0.651500 0.100000 0.000000 1.500000
0.652500 0.100000 0.000000 1.500000
0.653500 0.100000 0.000000 1.500000
0.654500 0.100000 0.000000 1.500000
0.655500 0.100000 0.000000 1.500000
0.656500 0.100000 0.000000 1.500000
0.657500 0.100000 0.000000 1.500000
0.658500 0.100000 0.000000 1.500000
0.659500 0.100000 0.000000 1.500000
0.660500 0.100000 0.000000 1.500000
0.661500 0.100000 0.000000 1.500000
0.662500 0.100000 0.000000 1.500000
0.663500 0.100000 0.000000 1.500000
0.664500 0.100000 0.000000 1.500000
0.665500 0.100000 0.000000 1.500000
0.666500 0.100000 0.000000 1.500000
0.667500 0.100000 0.000000 1.500000
0.668500 0.100000 0.000000 1.500000
0.669500 0.100000 0.000000 1.500000
0.670500 0.100000 0.000000 1.500000
0.671500 0.100000 0.000000 1.500000
0.672500 0.100000 0.000000 1.500000
0.673500 0.100000 0.000000 1.500000
0.674500 0.100000 0.000000 1.500000
0.675500 0.100000 0.000000 1.500000
0.676500 0.100000 0.000000 1.500000
0.677500 0.100000 0.000000 1.500000
0.678500 0.100000 0.000000 1.500000
0.679500 0.100000 0.000000 1.500000
0.680500 0.100000 0.000000 1.500000
0.681500 0.100000 0.000000 1.500000
0.682500 0.100000 0.000000 1.500000
0.683500 0.100000 0.000000 1.500000
0.684500 0.100000 0.000000 1.500000
0.685500 0.100000 0.000000 1.500000
0.686500 0.100000 0.000000 1.500000
0.687500 0.100000 0.000000 1.500000
0.688500 0.100000 0.000000 1.500000
0.689500 0.100000 0.000000 1.500000
0.690500 0.100000 0.000000 1.500000
0.691500 0.100000 0.000000 1.500000
0.692500 0.100000 0.000000 1.500000
0.693500 0.100000 0.000000 1.500000
0.694500 0.100000 0.000000 1.500000
0.695500 0.100000 0.000000 1.500000
0.696500 0.100000 0.000000 1.500000
0.697500 0.100000 0.000000 1.500000
0.698500 0.100000 0.000000 1.500000
0.699500 0.100000 0.000000 1.500000
0.700500 0.100000 0.000000 1.500000
0.701500 0.100000 0.000000 1.500000
0.702500 0.100000 0.000000 1.500000
0.703500 0.100000 0.000000 1.500000
0.704500 0.100000 0.000000 1.500000
0.705500 0.100000 0.000000 1.500000
0.706500 0.100000 0.000000 1.500000
0.707500 0.100000 0.000000 1.500000
0.708500 0.100000 0.000000 1.500000
0.709500 0.100000 0.000000 1.500000
0.710500 0.100000 0.000000 1.500000
0.711500 0.100000 0.000000 1.500000
0.712500 0.100000 0.000000 1.500000
0.713500 0.100000 0.000000 1.500000
0.714500 0.100000 0.000000 1.500000
0.715500 0.100000 0.000000 1.500000
0.716500 0.100000 0.000000 1.500000
0.717500 0.100000 0.000000 1.500000
0.718500 0.100000 0.000000 1.500000
0.719500 0.100000 0.000000 1.500000
0.720500 0.100000 0.000000 1.500000
0.721500 0.100000 0.000000 1.500000
0.722500 0.100000 0.000000 1.500000
0.723500 0.100000 0.000000 1.500000
0.724500 0.100000 0.000000 1.500000
0.725500 0.100000 0.000000 1.500000
0.726500 0.100000 0.000000 1.500000
0.727500 0.100000 0.000000 1.500000
0.728500 0.100000 0.000000 1.500000
0.729500 0.100000 0.000000 1.500000
0.730500 0.100000 0.000000 1.500000
0.731500 0.100000 0.000000 1.500000
0.732500 0.100000 0.000000 1.500000
0.733500 0.100000 0.000000 1.500000
0.734500 0.100000 0.000000 1.500000
0.735500 0.100000 0.000000 1.500000
0.736500 0.100000 0.000000 1.500000
0.737500 0.100000 0.000000 1.500000
0.738500 0.100000 0.000000 1.500000
0.739500 0.100000 0.000000 1.500000
0.740500 0.100000 0.000000 1.500000
0.741500 0.100000 0.000000 1.500000
0.742500 0.100000 0.000000 1.500000
0.743500 0.100000 0.000000 1.500000
0.744500 0.100000 0.000000 1.500000
0.745500 0.100000 0.000000 1.500000
0.746500 0.100000 0.000000 1.500000
0.747500 0.100000 0.000000 1.500000
0.748500 0.100000 0.000000 1.500000
0.749500 0.100000 0.000000 1.500000
0.750500 0.100000 0.000000 1.500000
0.751500 0.100000 0.000000 1.500000
0.752500 0.100000 0.000000 1.500000
0.753500 0.100000 0.000000 1.500000
0.754500 0.100000 0.000000 1.500000
0.755500 0.100000 0.000000 1.500000
0.756500 0.100000 0.000000 1.500000
0.757500 0.100000 0.000000 1.500000
0.758500 0.100000 0.000000 1.500000
0.759500 0.100000 0.000000 1.500000
0.760500 0.100000 0.000000 1.500000
0.761500 0.100000 0.000000 1.500000
0.762500 0.100000 0.000000 1.500000
0.763500 0.100000 0.000000 1.500000
0.764500 0.100000 0.000000 1.500000
0.765500 0.100000 0.000000 1.500000
0.766500 0.100000 0.000000 1.500000
0.767500 0.100000 0.000000 1.500000
0.768500 0.100000 0.000000 1.500000
0.769500 0.100000 0.000000 1.500000
0.770500 0.100000 0.000000 1.500000
0.771500 0.100000 0.000000 1.500000
0.772500 0.100000 0.000000 1.500000
0.773500 0.100000 0.000000 1.500000
0.774500 0.100000 0.000000 1.500000
0.775500 0.100000 0.000000 1.500000
0.776500 0.100000 0.000000 1.500000
0.777500 0.100000 0.000000 1.500000
0.778500 0.100000 0.000000 1.500000
0.779500 0.100000 0.000000 1.500000
0.780500 0.100000 0.000000 1.500000
0.781500 0.100000 0.000000 1.500000
0.782500 0.100000 0.000000 1.500000
0.783500 0.100000 0.000000 1.500000
0.784500 0.100000 0.000000 1.500000
0.785500 0.100000 0.000000 1.500000
0.786500 0.100000 0.000000 1.500000
0.787500 0.100000 0.000000 1.500000
0.788500 0.100000 0.000000 1.500000
0.789500 0.100000 0.000000 1.500000
0.790500 0.100000 0.000000 1.500000
0.791500 0.100000 0.000000 1.500000
0.792500 0.100000 0.000000 1.500000
0.793500 0.100000 0.000000 1.500000
0.794500 0.100000 0.000000 1.500000
0.795500 0.100000 0.000000 1.500000
0.796500 0.100000 0.000000 1.500000
0.797500 0.100000 0.000000 1.500000
0.798500 0.100000 0.000000 1.500000
0.799500 0.100000 0.000000 1.500000
0.800500 0.100000 0.000000 1.500000
0.801500 0.100000 0.000000 1.500000
0.802500 0.100000 0.000000 1.500000
0.803500 0.100000 0.000000 1.500000
0.804500 0.100000 0.000000 1.500000
0.805500 0.100000 0.000000 1.500000
0.806500 0.100000 0.000000 1.500000
0.807500 0.100000 0.000000 1.500000
0.808500 0.100000 0.000000 1.500000
0.809500 0.100000 0.000000 1.500000
0.810500 0.100000 0.000000 1.500000
0.811500 0.100000 0.000000 1.500000
0.812500 0.100000 0.000000 1.500000
0.813500 0.100000 0.000000 1.500000
0.814500 0.100000 0.000000 1.500000
0.815500 0.100000 0.000000 1.500000
0.816500 0.100000 0.000000 1.500000
0.817500 0.100000 0.000000 1.500000
0.818500 0.100000 0.000000 1.500000
0.819500 0.100000 0.000000 1.500000
0.820500 0.100000 0.000000 1.500000
0.821500 0.100000 0.000000 1.500000
0.822500 0.100000 0.000000 1.500000
0.823500 0.100000 0.000000 1.500000
0.824500 0.100000 0.000000 1.500000
0.825500 0.100000 0.000000 1.500000
0.826500 0.100000 0.000000 1.500000
0.827500 0.100000 0.000000 1.500000
0.828500 0.100000 0.000000 1.500000
0.829500 0.100000 0.000000 1.500000
0.830500 0.100000 0.000000 1.500000
0.831500 0.100000 0.000000 1.500000
0.832500 0.100000 0.000000 1.500000
0.833500 0.100000 0.000000 1.500000
0.834500 0.100000 0.000000 1.500000
0.835500 0.100000 0.000000 1.500000
0.836500 0.100000 0.000000 1.500000
0.837500 0.100000 0.000000 1.500000
0.838500 0.100000 0.000000 1.500000
0.839500 0.100000 0.000000 1.500000
0.840500 0.100000 0.000000 1.500000
0.841500 0.100000 0.000000 1.500000
0.842500 0.100000 0.000000 1.500000
0.843500 0.100000 0.000000 1.500000
0.844500 0.100000 0.000000 1.500000
0.845500 0.100000 0.000000 1.500000
0.846500 0.100000 0.000000 1.500000
0.847500 0.100000 0.000000 1.500000
0.848500 0.100000 0.000000 1.500000
0.849500 0.100000 0.000000 1.500000
0.850500 0.100000 0.000000 1.500000
0.851500 0.100000 0.000000 1.500000
0.852500 0.100000 0.000000 1.500000
0.853500 0.100000 0.000000 1.500000
0.854500 0.100000 0.000000 1.500000
0.855500 0.100000 0.000000 1.500000
0.856500 0.100000 0.000000 1.500000
0.857500 0.100000 0.000000 1.500000
0.858500 0.100000 0.000000 1.500000
0.859500 0.100000 0.000000 1.500000
0.860500 0.100000 0.000000 1.500000
0.861500 0.100000 0.000000 1.500000
0.862500 0.100000 0.000000 1.500000
0.863500 0.100000 0.000000 1.500000
0.864500 0.100000 0.000000 1.500000
0.865500 0.100000 0.000000 1.500000
0.866500 0.100000 0.000000 1.500000
0.867500 0.100000 0.000000 1.500000
0.868500 0.100000 0.000000 1.500000
0.869500 0.100000 0.000000 1.500000
0.870500 0.100000 0.000000 1.500000
0.871500 0.100000 0.000000 1.500000
0.872500 0.100000 0.000000 1.500000
0.873500 0.100000 0.000000 1.500000
0.874500 0.100000 0.000000 1.500000
0.875500 0.100000 0.000000 1.500000
0.876500 0.100000 0.000000 1.500000
0.877500 0.100000 0.000000 1.500000
0.878500 0.100000 0.000000 1.500000
0.879500 0.100000 0.000000 1.500000
0.880500 0.100000 0.000000 1.500000
0.881500 0.100000 0.000000 1.500000
0.882500 0.100000 0.000000 1.500000
0.883500 0.100000 0.000000 1.500000
0.884500 0.100000 0.000000 1.500000
0.885500 0.100000 0.000000 1.500000
0.886500 0.100000 0.000000 1.500000
0.887500 0.100000 0.000000 1.500000
0.888500 0.100000 0.000000 1.500000
0.889500 0.100000 0.000000 1.500000
0.890500 0.100000 0.000000 1.500000
0.891500 0.100000 0.000000 1.500000
0.892500 0.100000 0.000000 1.500000
0.893500 0.100000 0.000000 1.500000
0.894500 0.100000 0.000000 1.500000
0.895500 0.100000 0.000000 1.500000
0.896500 0.100000 0.000000 1.500000
0.897500 0.100000 0.000000 1.500000
0.898500 0.100000 0.000000 1.500000
0.899500 0.100000 0.000000 1.500000
0.900500 0.100000 0.000000 1.500000
0.901500 0.100000 0.000000 1.500000
0.902500 0.100000 0.000000 1.500000
0.903500 0.100000 0.000000 1.500000
0.904500 0.100000 0.000000 1.500000
0.905500 0.100000 0.000000 1.500000
0.906500 0.100000 0.000000 1.500000
0.907500 0.100000 0.000000 1.500000
0.908500 0.100000 0.000000 1.500000
0.909500 0.100000 0.000000 1.500000
0.910500 0.100000 0.000000 1.500000
0.911500 0.100000 0.000000 1.500000
0.912500 0.100000 0.000000 1.500000
0.913500 0.100000 0.000000 1.500000
0.914500 0.100000 0.000000 1.500000
0.915500 0.100000 0.000000 1.500000
0.916500 0.100000 0.000000 1.500000
0.917500 0.100000 0.000000 1.500000
0.918500 0.100000 0.000000 1.500000
0.919500 0.100000 0.000000 1.500000
0.920500 0.100000 0.000000 1.500000
0.921500 0.100000 0.000000 1.500000
0.922500 0.100000 0.000000 1.500000
0.923500 0.100000 0.000000 1.500000
0.924500 0.100000 0.000000 1.500000
0.925500 0.100000 0.000000 1.500000
0.926500 0.100000 0.000000 1.500000
0.927500 0.100000 0.000000 1.500000
0.928500 0.100000 0.000000 1.500000
0.929500 0.100000 0.000000 1.500000
0.930500 0.100000 0.000000 1.500000
0.931500 0.100000 0.000000 1.500000
0.932500 0.100000 0.000000 1.500000
0.933500 0.100000 0.000000 1.500000
0.934500 0.100000 0.000000 1.500000
0.935500 0.100000 0.000000 1.500000
0.936500 0.100000 0.000000 1.500000
0.937500 0.100000 0.000000 1.500000
0.938500 0.100000 0.000000 1.500000
0.939500 0.100000 0.000000 1.500000
0.940500 0.100000 0.000000 1.500000
0.941500 0.100000 0.000000 1.500000
0.942500 0.100000 0.000000 1.500000
0.943500 0.100000 0.000000 1.500000
0.944500 0.100000 0.000000 1.500000
0.945500 0.100000 0.000000 1.500000
0.946500 0.100000 0.000000 1.500000
0.947500 0.100000 0.000000 1.500000
0.948500 0.100000 0.000000 1.500000
0.949500 0.100000 0.000000 1.500000
0.950500 0.100000 0.000000 1.500000
0.951500 0.100000 0.000000 1.500000
0.952500 0.100000 0.000000 1.500000
0.953500 0.100000 0.000000 1.500000
0.954500 0.100000 0.000000 1.500000
0.955500 0.100000 0.000000 1.500000
0.956500 0.100000 0.000000 1.500000
0.957500 0.100000 0.000000 1.500000
0.958500 0.100000 0.000000 1.500000
0.959500 0.100000 0.000000 1.500000
0.960500 0.100000 0.000000 1.500000
0.961500 0.100000 0.000000 1.500000
0.962500 0.100000 0.000000 1.500000
0.963500 0.100000 0.000000 1.500000
0.964500 0.100000 0.000000 1.500000
0.965500 0.100000 0.000000 1.500000
0.966500 0.100000 0.000000 1.500000
0.967500 0.100000 0.000000 1.500000
0.968500 0.100000 0.000000 1.500000
0.969500 0.100000 0.000000 1.500000
0.970500 0.100000 0.000000 1.500000
0.971500 0.100000 0.000000 1.500000
0.972500 0.100000 0.000000 1.500000
0.973500 0.100000 0.000000 1.500000
0.974500 0.100000 0.000000 1.500000
0.975500 0.100000 0.000000 1.500000
0.976500 0.100000 0.000000 1.500000
0.977500 0.100000 0.000000 1.500000
0.978500 0.100000 0.000000 1.500000
0.979500 0.100000 0.000000 1.500000
0.980500 0.100000 0.000000 1.500000
0.981500 0.100000 0.000000 1.500000
0.982500 0.100000 0.000000 1.500000
0.983500 0.100000 0.000000 1.500000
0.984500 0.100000 0.000000 1.500000
0.985500 0.100000 0.000000 1.500000
0.986500 0.100000 0.000000 1.500000
0.987500 0.100000 0.000000 1.500000
0.988500 0.100000 0.000000 1.500000
0.989500 0.100000 0.000000 1.500000
0.990500 0.100000 0.000000 1.500000
0.991500 0.100000 0.000000 1.500000
0.992500 0.100000 0.000000 1.500000
0.993500 0.100000 0.000000 1.500000
0.994500 0.100000 0.000000 1.500000
0.995500 0.100000 0.000000 1.500000
0.996500 0.100000 0.000000 1.500000
0.997500 0.100000 0.000000 1.500000
0.998500 0.100000 0.000000 1.500000
0.999500 0.100000 0.000000 1.500000
