0.000500 1.000000 0.000000 1500.000000
0.001500 1.000000 0.000000 1500.000000
0.002500 1.000000 0.000000 1500.000000
0.003500 1.000000 0.000000 1500.000000
0.004500 1.000000 0.000000 1500.000000
0.005500 1.000000 0.000000 1500.000000
0.006500 1.000000 0.000000 1500.000000
0.007500 1.000000 0.000000 1500.000000
0.008500 1.000000 0.000000 1500.000000
0.009500 1.000000 0.000000 1500.000000
0.010500 1.000000 0.000000 1500.000000
0.011500 1.000000 0.000000 1500.000000
0.012500 1.000000 0.000000 1500.000000
0.013500 1.000000 0.000000 1500.000000
0.014500 1.000000 0.000000 1500.000000
0.015500 1.000000 0.000000 1500.000000
0.016500 1.000000 0.000000 1500.000000
0.017500 1.000000 0.000000 1500.000000
0.018500 1.000000 0.000000 1500.000000
0.019500 1.000000 0.000000 1500.000000
0.020500 1.000000 0.000000 1500.000000
0.021500 1.000000 0.000000 1500.000000
0.022500 1.000000 0.000000 1500.000000
0.023500 1.000000 0.000000 1500.000000
0.024500 1.000000 0.000000 1500.000000
0.025500 1.000000 0.000000 1500.000000
0.026500 1.000000 0.000000 1500.000000
0.027500 1.000000 0.000000 1500.000000
0.028500 1.000000 0.000000 1500.000000
0.029500 1.000000 0.000000 1500.000000
0.030500 1.000000 0.000000 1500.000000
0.031500 1.000000 0.000000 1500.000000
0.032500 1.000000 0.000000 1500.000000
0.033500 1.000000 0.000000 1500.000000
0.034500 1.000000 0.000000 1500.000000
0.035500 1.000000 0.000000 1500.000000
0.036500 1.000000 0.000000 1500.000000
0.037500 1.000000 0.000000 1500.000000
0.038500 1.000000 0.000000 1500.000000
0.039500 1.000000 0.000000 1500.000000
0.040500 1.000000 0.000000 1500.000000
0.041500 1.000000 0.000000 1500.000000
0.042500 1.000000 0.000000 1500.000000
0.043500 1.000000 0.000000 1500.000000
0.044500 1.000000 0.000000 1500.000000
0.045500 1.000000 0.000000 1500.000000
0.046500 1.000000 0.000000 1500.000000
0.047500 1.000000 0.000000 1500.000000
0.048500 1.000000 0.000000 1500.000000
0.049500 1.000000 0.000000 1500.000000
0.050500 1.000000 0.000000 1500.000000
0.051500 1.000000 0.000000 1500.000000
0.052500 1.000000 0.000000 1500.000000
0.053500 1.000000 0.000000 1500.000000
0.054500 1.000000 0.000000 1500.000000
0.055500 1.000000 0.000000 1500.000000
0.056500 1.000000 0.000000 1500.000000
0.057500 1.000000 0.000000 1500.000000
0.058500 1.000000 0.000000 1500.000000
0.059500 1.000000 0.000000 1500.000000
0.060500 1.000000 0.000000 1500.000000
0.061500 1.000000 0.000000 1500.000000
0.062500 1.000000 0.000000 1500.000000
0.063500 1.000000 0.000000 1500.000000
0.064500 1.000000 0.000000 1500.000000
0.065500 1.000000 0.000000 1500.000000
0.066500 1.000000 0.000000 1500.000000
0.067500 1.000000 0.000000 1500.000000
0.068500 1.000000 0.000000 1500.000000
0.069500 1.000000 0.000000 1500.000000
0.070500 1.000000 0.000000 1500.000000
0.071500 1.000000 0.000000 1500.000000
0.072500 1.000000 0.000000 1500.000000
0.073500 1.000000 0.000000 1500.000000
0.074500 1.000000 0.000000 1500.000000
0.075500 1.000000 0.000000 1500.000000
0.076500 1.000000 0.000000 1500.000000
0.077500 1.000000 0.000000 1500.000000
0.078500 1.000000 0.000000 1500.000000
0.079500 1.000000 0.000000 1500.000000
0.080500 1.000000 0.000000 1500.000000
0.081500 1.000000 0.000000 1500.000000
0.082500 1.000000 0.000000 1500.000000
0.083500 1.000000 0.000000 1500.000000
0.084500 1.000000 0.000000 1500.000000
0.085500 1.000000 0.000000 1500.000000
0.086500 1.000000 0.000000 1500.000000
0.087500 1.000000 0.000000 1500.000000
0.088500 1.000000 0.000000 1500.000000
0.089500 1.000000 0.000000 1500.000000
0.090500 1.000000 0.000000 1500.000000
0.091500 1.000000 0.000000 1500.000000
0.092500 1.000000 0.000000 1500.000000
0.093500 1.000000 0.000000 1500.000000
0.094500 1.000000 0.000000 1500.000000
0.095500 1.000000 0.000000 1500.000000
0.096500 1.000000 0.000000 1500.000000
0.097500 1.000000 0.000000 1500.000000
0.098500 1.000000 0.000000 1500.000000
0.099500 1.000000 0.000000 1500.000000
0.100500 1.000000 0.000000 1500.000000
0.101500 1.000000 0.000000 1500.000000
0.102500 1.000000 0.000000 1500.000000
0.103500 1.000000 0.000000 1500.000000
0.104500 1.000000 0.000000 1500.000000
0.105500 1.000000 0.000000 1500.000000
0.106500 1.000000 0.000000 1500.000000
0.107500 1.000000 0.000000 1500.000000
0.108500 1.000000 0.000000 1500.000000
0.109500 1.000000 0.000000 1500.000000
0.110500 1.000000 0.000000 1500.000000
0.111500 1.000000 0.000000 1500.000000
0.112500 1.000000 0.000000 1500.000000
0.113500 1.000000 0.000000 1500.000000
0.114500 1.000000 0.000000 1500.000000
0.115500 1.000000 0.000000 1500.000000
0.116500 1.000000 0.000000 1500.000000
0.117500 1.000000 0.000000 1500.000000
0.118500 1.000000 0.000000 1500.000000
0.119500 1.000000 0.000000 1500.000000
0.120500 1.000000 0.000000 1500.000000
0.121500 1.000000 0.000000 1500.000000
0.122500 1.000000 0.000000 1500.000000
0.123500 1.000000 0.000000 1500.000000
0.124500 1.000000 0.000000 1500.000000
0.125500 1.000000 0.000000 1500.000000
0.126500 1.000000 0.000000 1500.000000
0.127500 1.000000 0.000000 1500.000000
0.128500 1.000000 0.000000 1500.000000
0.129500 1.000000 0.000000 1500.000000
0.130500 1.000000 0.000000 1500.000000
0.131500 1.000000 0.000000 1500.000000
0.132500 1.000000 0.000000 1500.000000
0.133500 1.000000 0.000000 1500.000000
0.134500 1.000000 0.000000 1500.000000
0.135500 1.000000 0.000000 1500.000000
0.136500 1.000000 0.000000 1500.000000
0.137500 1.000000 0.000000 1500.000000
0.138500 1.000000 0.000000 1500.000000
0.139500 1.000000 0.000000 1500.000000
0.140500 1.000000 0.000000 1500.000000
0.141500 1.000000 0.000000 1500.000000
0.142500 1.000000 0.000000 1500.000000
0.143500 1.000000 0.000000 1500.000000
0.144500 1.000000 0.000000 1500.000000
0.145500 1.000000 0.000000 1500.000000
0.146500 1.000000 0.000000 1500.000000
0.147500 1.000000 0.000000 1500.000000
0.148500 1.000000 0.000000 1500.000000
0.149500 1.000000 0.000000 1500.000000
0.150500 1.000000 0.000000 1500.000000
0.151500 1.000000 0.000000 1500.000000
0.152500 1.000000 0.000000 1500.000000
0.153500 1.000000 0.000000 1500.000000
0.154500 1.000000 0.000000 1500.000000
0.155500 1.000000 0.000000 1500.000000
0.156500 1.000000 0.000000 1500.000000
0.157500 1.000000 0.000000 1500.000000
0.158500 1.000000 0.000000 1500.000000
0.159500 1.000000 0.000000 1500.000000
0.160500 1.000000 0.000000 1500.000000
0.161500 1.000000 0.000000 1500.000000
0.162500 1.000000 0.000000 1500.000000
0.163500 1.000000 0.000000 1500.000000
0.164500 1.000000 0.000000 1500.000000
0.165500 1.000000 0.000000 1500.000000
0.166500 1.000000 0.000000 1500.000000
0.167500 1.000000 0.000000 1500.000000
0.168500 1.000000 0.000000 1500.000000
0.169500 1.000000 0.000000 1500.000000
0.170500 1.000000 0.000000 1500.000000
0.171500 1.000000 0.000000 1500.000000
0.172500 1.000000 0.000000 1500.000000
0.173500 1.000000 0.000000 1500.000000
0.174500 1.000000 0.000000 1500.000000
0.175500 1.000000 0.000000 1500.000000
0.176500 1.000000 0.000000 1500.000000
0.177500 1.000000 0.000000 1500.000000
0.178500 1.000000 0.000000 1500.000000
0.179500 1.000000 0.000000 1500.000000
0.180500 1.000000 0.000000 1500.000000
0.181500 1.000000 0.000000 1500.000000
0.182500 1.000000 0.000000 1500.000000
0.183500 1.000000 0.000000 1500.000000
0.184500 1.000000 0.000000 1500.000000
0.185500 1.000000 0.000000 1500.000000
0.186500 1.000000 0.000000 1500.000000
0.187500 1.000000 0.000000 1500.000000
0.188500 1.000000 0.000000 1500.000000
0.189500 1.000000 0.000000 1500.000000
0.190500 1.000000 0.000000 1500.000000
0.191500 1.000000 0.000000 1500.000000
0.192500 1.000000 0.000000 1500.000000
0.193500 1.000000 0.000000 1500.000000
0.194500 1.000000 0.000000 1500.000000
0.195500 1.000000 0.000000 1500.000000
0.196500 1.000000 0.000000 1500.000000
0.197500 1.000000 0.000000 1500.000000
0.198500 1.000000 0.000000 1500.000000
0.199500 1.000000 0.000000 1500.000000
0.200500 1.000000 0.000000 1500.000000
0.201500 1.000000 0.000000 1500.000000
0.202500 1.000000 0.000000 1500.000000
0.203500 1.000000 0.000000 1500.000000
0.204500 1.000000 0.000000 1500.000000
0.205500 1.000000 0.000000 1500.000000
0.206500 1.000000 0.000000 1500.000000
0.207500 1.000000 0.000000 1500.000000
0.208500 1.000000 0.000000 1500.000000
0.209500 1.000000 0.000000 1500.000000
0.210500 1.000000 0.000000 1500.000000
0.211500 1.000000 0.000000 1500.000000
0.212500 1.000000 0.000000 1500.000000
0.213500 1.000000 0.000000 1500.000000
0.214500 1.000000 0.000000 1500.000000
0.215500 1.000000 0.000000 1500.000000
0.216500 1.000000 0.000000 1500.000000
0.217500 1.000000 0.000000 1500.000000
0.218500 1.000000 0.000000 1500.000000
0.219500 1.000000 0.000000 1500.000000
0.220500 1.000000 0.000000 1500.000000
0.221500 1.000000 0.000000 1500.000000
0.222500 1.000000 0.000000 1500.000000
0.223500 1.000000 0.000000 1500.000000
0.224500 1.000000 0.000000 1500.000000
0.225500 1.000000 0.000000 1500.000000
0.226500 1.000000 0.000000 1500.000000
0.227500 1.000000 0.000000 1500.000000
0.228500 1.000000 0.000000 1500.000000
0.229500 1.000000 0.000000 1500.000000
0.230500 1.000000 0.000000 1500.000000
0.231500 1.000000 0.000000 1500.000000
0.232500 1.000000 0.000000 1500.000000
0.233500 1.000000 0.000000 1500.000000
0.234500 1.000000 0.000000 1500.000000
0.235500 1.000000 0.000000 1500.000000
0.236500 1.000000 0.000000 1500.000000
0.237500 1.000000 0.000000 1500.000000
0.238500 1.000000 0.000000 1500.000000
0.239500 1.000000 0.000000 1500.000000
0.240500 1.000000 0.000000 1500.000000
0.241500 1.000000 0.000000 1500.000000
0.242500 1.000000 0.000000 1500.000000
0.243500 1.000000 0.000000 1500.000000
0.244500 1.000000 0.000000 1500.000000
0.245500 1.000000 0.000000 1500.000000
0.246500 1.000000 0.000000 1500.000000
0.247500 1.000000 0.000000 1500.000000
0.248500 1.000000 0.000000 1500.000000
0.249500 1.000000 0.000000 1500.000000
0.250500 1.000000 0.000000 1500.000000
0.251500 1.000000 0.000000 1500.000000
0.252500 1.000000 0.000000 1500.000000
0.253500 1.000000 0.000000 1500.000000
0.254500 1.000000 0.000000 1500.000000
0.255500 1.000000 0.000000 1500.000000
0.256500 1.000000 0.000000 1500.000000
0.257500 1.000000 0.000000 1500.000000
0.258500 1.000000 0.000000 1500.000000
0.259500 1.000000 0.000000 1500.000000
0.260500 1.000000 0.000000 1500.000000
0.261500 1.000000 0.000000 1500.000000
0.262500 1.000000 0.000000 1500.000000
0.263500 1.000000 0.000000 1500.000000
0.264500 1.000000 0.000000 1500.000000
0.265500 1.000000 0.000000 1500.000000
0.266500 1.000000 0.000000 1500.000000
0.267500 1.000000 0.000000 1500.000000
0.268500 1.000000 0.000000 1500.000000
0.269500 1.000000 0.000000 1500.000000
0.270500 1.000000 0.000000 1500.000000
0.271500 1.000000 0.000000 1500.000000
0.272500 1.000000 0.000000 1500.000000
0.273500 1.000000 0.000000 1500.000000
0.274500 1.000000 0.000000 1500.000000
0.275500 1.000000 0.000000 1500.000000
0.276500 1.000000 0.000000 1500.000000
0.277500 1.000000 0.000000 1500.000000
0.278500 1.000000 0.000000 1500.000000
0.279500 1.000000 0.000000 1500.000000
0.280500 1.000000 0.000000 1500.000000
0.281500 1.000000 0.000000 1500.000000
0.282500 1.000000 0.000000 1500.000000
0.283500 1.000000 0.000000 1500.000000
0.284500 1.000000 0.000000 1500.000000
0.285500 1.000000 0.000000 1500.000000
0.286500 1.000000 0.000000 1500.000000
0.287500 1.000000 0.000000 1500.000000
0.288500 1.000000 0.000000 1500.000000
0.289500 1.000000 0.000000 1500.000000
0.290500 1.000000 0.000000 1500.000000
0.291500 1.000000 0.000000 1500.000000
0.292500 1.000000 0.000000 1500.000000
0.293500 1.000000 0.000000 1500.000000
0.294500 1.000000 0.000000 1500.000000
0.295500 1.000000 0.000000 1500.000000
0.296500 1.000000 0.000000 1500.000000
0.297500 1.000000 0.000000 1500.000000
0.298500 1.000000 0.000000 1500.000000
0.299500 1.000000 0.000000 1500.000000
0.300500 1.000000 0.000000 1500.000000
0.301500 1.000000 0.000000 1500.000000
0.302500 1.000000 0.000000 1500.000000
0.303500 1.000000 0.000000 1500.000000
0.304500 1.000000 0.000000 1500.000000
0.305500 1.000000 0.000000 1500.000000
0.306500 1.000000 0.000000 1500.000000
0.307500 1.000000 0.000000 1500.000000
0.308500 1.000000 0.000000 1500.000000
0.309500 1.000000 0.000000 1500.000000
0.310500 1.000000 0.000000 1500.000000
0.311500 1.000000 0.000000 1500.000000
0.312500 1.000000 0.000000 1500.000000
0.313500 1.000000 0.000000 1500.000000
0.314500 1.000000 0.000000 1500.000000
0.315500 1.000000 0.000000 1500.000000
0.316500 1.000000 0.000000 1500.000000
0.317500 1.000000 0.000000 1500.000000
0.318500 1.000000 0.000000 1500.000000
0.319500 1.000000 0.000000 1500.000000
0.320500 1.000000 0.000000 1500.000000
0.321500 1.000000 0.000000 1500.000000
0.322500 1.000000 0.000000 1500.000000
0.323500 1.000000 0.000000 1500.000000
0.324500 1.000000 0.000000 1500.000000
0.325500 1.000000 0.000000 1500.000000
0.326500 1.000000 0.000000 1500.000000
0.327500 1.000000 0.000000 1500.000000
0.328500 1.000000 0.000000 1500.000000
0.329500 1.000000 0.000000 1500.000000
0.330500 1.000000 0.000000 1500.000000
0.331500 1.000000 0.000000 1500.000000
0.332500 1.000000 0.000000 1500.000000
0.333500 1.000000 0.000000 1500.000000
0.334500 1.000000 0.000000 1500.000000
0.335500 1.000000 0.000000 1500.000000
0.336500 1.000000 0.000000 1500.000000
0.337500 1.000000 0.000000 1500.000000
0.338500 1.000000 0.000000 1500.000000
0.339500 1.000000 0.000000 1500.000000
0.340500 1.000000 0.000000 1500.000000
0.341500 1.000000 0.000000 1500.000000
0.342500 1.000000 0.000000 1500.000000
0.343500 1.000000 0.000000 1500.000000
0.344500 1.000000 0.000000 1500.000000
0.345500 1.000000 0.000000 1500.000000
0.346500 1.000000 0.000000 1500.000000
0.347500 1.000000 0.000000 1500.000000
0.348500 1.000000 0.000000 1500.000000
0.349500 1.000000 0.000000 1500.000000
0.350500 1.000000 0.000000 1500.000000
0.351500 1.000000 0.000000 1500.000000
0.352500 1.000000 0.000000 1500.000000
0.353500 1.000000 0.000000 1500.000000
0.354500 1.000000 0.000000 1500.000000
0.355500 1.000000 0.000000 1500.000000
0.356500 1.000000 0.000000 1500.000000
0.357500 1.000000 0.000000 1500.000000
0.358500 1.000000 0.000000 1500.000000
0.359500 1.000000 0.000000 1500.000000
0.360500 1.000000 0.000000 1500.000000
0.361500 1.000000 0.000000 1500.000000
0.362500 1.000000 0.000000 1500.000000
0.363500 1.000000 0.000000 1500.000000
0.364500 1.000000 0.000000 1500.000000
0.365500 1.000000 0.000000 1500.000000
0.366500 1.000000 0.000000 1500.000000
0.367500 1.000000 0.000000 1500.000000
0.368500 1.000000 0.000000 1500.000000
0.369500 1.000000 0.000000 1500.000000
0.370500 1.000000 0.000000 1500.000000
0.371500 1.000000 0.000000 1500.000000
0.372500 1.000000 0.000000 1500.000000
0.373500 1.000000 0.000000 1500.000000
0.374500 1.000000 0.000000 1500.000000
0.375500 1.000000 0.000000 1500.000000
0.376500 1.000000 0.000000 1500.000000
0.377500 1.000000 0.000000 1500.000000
0.378500 1.000000 0.000000 1500.000000
0.379500 1.000000 0.000000 1500.000000
0.380500 1.000000 0.000000 1500.000000
0.381500 1.000000 0.000000 1500.000000
0.382500 1.000000 0.000000 1500.000000
0.383500 1.000000 0.000000 1500.000000
0.384500 1.000000 0.000000 1500.000000
0.385500 1.000000 0.000000 1500.000000
0.386500 1.000000 0.000000 1500.000000
0.387500 1.000000 0.000000 1500.000000
0.388500 1.000000 0.000000 1500.000000
0.389500 1.000000 0.000000 1500.000000
0.390500 1.000000 0.000000 1500.000000
0.391500 1.000000 0.000000 1500.000000
0.392500 1.000000 0.000000 1500.000000
0.393500 1.000000 0.000000 1500.000000
0.394500 1.000000 0.000000 1500.000000
0.395500 1.000000 0.000000 1500.000000
0.396500 1.000000 0.000000 1500.000000
0.397500 1.000000 0.000000 1500.000000
0.398500 1.000000 0.000000 1500.000000
0.399500 1.000000 0.000000 1500.000000
0.400500 1.000000 0.000000 1500.000000
0.401500 1.000000 0.000000 1500.000000
0.402500 1.000000 0.000000 1500.000000
0.403500 1.000000 0.000000 1500.000000
0.404500 1.000000 0.000000 1500.000000
0.405500 1.000000 0.000000 1500.000000
0.406500 1.000000 0.000000 1500.000000
0.407500 1.000000 0.000000 1500.000000
0.408500 1.000000 0.000000 1500.000000
0.409500 1.000000 0.000000 1500.000000
0.410500 1.000000 0.000000 1500.000000
0.411500 1.000000 0.000000 1500.000000
0.412500 1.000000 0.000000 1500.000000
0.413500 1.000000 0.000000 1500.000000
0.414500 1.000000 0.000000 1500.000000
0.415500 1.000000 0.000000 1500.000000
0.416500 1.000000 0.000000 1500.000000
0.417500 1.000000 0.000000 1500.000000
0.418500 1.000000 0.000000 1500.000000
0.419500 1.000000 0.000000 1500.000000
0.420500 1.000000 0.000000 1500.000000
0.421500 1.000000 0.000000 1500.000000
0.422500 1.000000 0.000000 1500.000000
0.423500 1.000000 0.000000 1500.000000
0.424500 1.000000 0.000000 1500.000000
0.425500 1.000000 0.000000 1500.000000
0.426500 1.000000 0.000000 1500.000000
0.427500 1.000000 0.000000 1500.000000
0.428500 1.000000 0.000000 1500.000000
0.429500 1.000000 0.000000 1500.000000
0.430500 1.000000 0.000000 1500.000000
0.431500 1.000000 0.000000 1500.000000
0.432500 1.000000 0.000000 1500.000000
0.433500 1.000000 0.000000 1500.000000
0.434500 1.000000 0.000000 1500.000000
0.435500 1.000000 0.000000 1500.000000
0.436500 1.000000 0.000000 1500.000000
0.437500 1.000000 0.000000 1500.000000
0.438500 1.000000 0.000000 1500.000000
0.439500 1.000000 0.000000 1500.000000
0.440500 -2469710.518771 4293548.150336 -12282928.959139
0.441500 6092254691854174367636611137536.000000 -1584857984813206276717431313104864542720.000000 206144927667348303133071547831454064711391248384.000000
0.442500 -19157230331774534432174877081552135529833194289918975672320.000000 11628449063826727802369172424576516007808204754610538127349459714048.000000 -3529237402448198100147308454376443700451645506261106821108615897763589128192.000000
0.443500 -1518676008380496844005701453478675948842179141581807194706641262614222248443880931328.000000 854619799714774297057264774859281400984182492715699801847624303384010256820952455208140537856.000000 -240464390683557547543822579835989375143843313614222126439348278680249293102299126475656518530848784384.000000
0.444500 -65125795716054874825287510657722184464254310150649076020163247327493757143477621351287200153600.000000 -29714798482162774935722312773446584637850947761819905765384806321931313864025312095744393561816405377024.000000 -6777797711224154552587403246235291099959637473178587704426963313739855054691133934011684578956220129695173181440.000000
0.445500 -614507705621136087676553986134326576974282714693706094991856547473827198372190097325988656864188784912542283155001051602763940706449913785625189914456441899626528768.000000 -9191936416317056014974429770498036588826164795578532210560574474247359732058232058880764725416753013444710893818617885950454626135211192289285661160305003588245714231423997575168.000000 232384362756644488981365323775862283752372285041115762841389478741625876486401662805850480926566908308033568217745403278230167287076014288084926362350636173389691722295775843629546802497191936.000000
0.446500 -6655433468217485519994086087881692475848870392252786220498553408354032459384953196581119112675760019805791977654649340217268307323997837770776857996706187558329793632593424542464232511116175995523396049829888.000000 345449659317858137085949798695196245440461110970002182230939240992720678114876667311872988625563625038480872881130022125873876513420001481784195878480427476628324184277974020573453983664170751791804579897288025487869739008.000000 73965587896905326138896209474856673249293654948622487140785536186908342688279255888699733378572575491170978169151917436011011083893698934561337617747865451613169551869398492205912824401399096030532614953592905031683377539053308931473408.000000
0.447500 209846181378727374148879920053092221555794338787764294897330799912498934142351259690220598044429382723609618170895888925359103987221270015620702777666692391600541983022972178845239125891849941307977532306123901500585868308657597152898489871425279399649848852480.000000 -134361604603668629232044523242566578086865917110599048638636857285897342435426735481885412159162630947521505674294845071735140766327596216095719726973135274616328635673459374390608854947534851066120222545506154171028961634267483500680255820653490810731680441740384793417220096.000000 -534011025381596079537375197805374172313512546968078277710252082388842888692625036735727570473568770365758530068459718322029629411572599236230372227719536422219433948891287000841053607017808738620560901043773913173242228155677238017243007653729436654364350037952171058198484255228912151298048.000000
0.448500 -nan(ind) -nan(ind) -nan(ind)
0.449500 -nan(ind) -nan(ind) -nan(ind)
0.450500 -nan(ind) -nan(ind) -nan(ind)
0.451500 -nan(ind) -nan(ind) -nan(ind)
0.452500 -nan(ind) -nan(ind) -nan(ind)
0.453500 -nan(ind) -nan(ind) -nan(ind)
0.454500 -nan(ind) -nan(ind) -nan(ind)
0.455500 -nan(ind) -nan(ind) -nan(ind)
0.456500 -nan(ind) -nan(ind) -nan(ind)
0.457500 -nan(ind) -nan(ind) -nan(ind)
0.458500 -nan(ind) -nan(ind) -nan(ind)
0.459500 -nan(ind) -nan(ind) -nan(ind)
0.460500 -nan(ind) -nan(ind) -nan(ind)
0.461500 -nan(ind) -nan(ind) -nan(ind)
0.462500 -nan(ind) -nan(ind) -nan(ind)
0.463500 -nan(ind) -nan(ind) -nan(ind)
0.464500 -nan(ind) -nan(ind) -nan(ind)
0.465500 -nan(ind) -nan(ind) -nan(ind)
0.466500 -nan(ind) -nan(ind) -nan(ind)
0.467500 -nan(ind) -nan(ind) -nan(ind)
0.468500 -nan(ind) -nan(ind) -nan(ind)
0.469500 -nan(ind) -nan(ind) -nan(ind)
0.470500 -nan(ind) -nan(ind) -nan(ind)
0.471500 -nan(ind) -nan(ind) -nan(ind)
0.472500 -nan(ind) -nan(ind) -nan(ind)
0.473500 -nan(ind) -nan(ind) -nan(ind)
0.474500 -nan(ind) -nan(ind) -nan(ind)
0.475500 -nan(ind) -nan(ind) -nan(ind)
0.476500 -nan(ind) -nan(ind) -nan(ind)
0.477500 -nan(ind) -nan(ind) -nan(ind)
0.478500 -nan(ind) -nan(ind) -nan(ind)
0.479500 -nan(ind) -nan(ind) -nan(ind)
0.480500 -nan(ind) -nan(ind) -nan(ind)
0.481500 -nan(ind) -nan(ind) -nan(ind)
0.482500 -nan(ind) -nan(ind) -nan(ind)
0.483500 -nan(ind) -nan(ind) -nan(ind)
0.484500 -nan(ind) -nan(ind) -nan(ind)
0.485500 -nan(ind) -nan(ind) -nan(ind)
0.486500 -nan(ind) -nan(ind) -nan(ind)
0.487500 -nan(ind) -nan(ind) -nan(ind)
0.488500 -nan(ind) -nan(ind) -nan(ind)
0.489500 -nan(ind) -nan(ind) -nan(ind)
0.490500 -nan(ind) -nan(ind) -nan(ind)
0.491500 -nan(ind) -nan(ind) -nan(ind)
0.492500 -nan(ind) -nan(ind) -nan(ind)
0.493500 -nan(ind) -nan(ind) -nan(ind)
0.494500 -nan(ind) -nan(ind) -nan(ind)
0.495500 -nan(ind) -nan(ind) -nan(ind)
0.496500 -nan(ind) -nan(ind) -nan(ind)
0.497500 -nan(ind) -nan(ind) -nan(ind)
0.498500 -nan(ind) -nan(ind) -nan(ind)
0.499500 -nan(ind) -nan(ind) -nan(ind)
0.500500 -nan(ind) -nan(ind) -nan(ind)
0.501500 -nan(ind) -nan(ind) -nan(ind)
0.502500 -nan(ind) -nan(ind) -nan(ind)
0.503500 -nan(ind) -nan(ind) -nan(ind)
0.504500 -nan(ind) -nan(ind) -nan(ind)
0.505500 -nan(ind) -nan(ind) -nan(ind)
0.506500 -nan(ind) -nan(ind) -nan(ind)
0.507500 -nan(ind) -nan(ind) -nan(ind)
0.508500 -nan(ind) -nan(ind) -nan(ind)
0.509500 -nan(ind) -nan(ind) -nan(ind)
0.510500 -nan(ind) -nan(ind) -nan(ind)
0.511500 -nan(ind) -nan(ind) -nan(ind)
0.512500 -nan(ind) -nan(ind) -nan(ind)
0.513500 -nan(ind) -nan(ind) -nan(ind)
0.514500 -nan(ind) -nan(ind) -nan(ind)
0.515500 -nan(ind) -nan(ind) -nan(ind)
0.516500 -nan(ind) -nan(ind) -nan(ind)
0.517500 -nan(ind) -nan(ind) -nan(ind)
0.518500 -nan(ind) -nan(ind) -nan(ind)
0.519500 -nan(ind) -nan(ind) -nan(ind)
0.520500 -nan(ind) -nan(ind) -nan(ind)
0.521500 -nan(ind) -nan(ind) -nan(ind)
0.522500 -nan(ind) -nan(ind) -nan(ind)
0.523500 -nan(ind) -nan(ind) -nan(ind)
0.524500 -nan(ind) -nan(ind) -nan(ind)
0.525500 -nan(ind) -nan(ind) -nan(ind)
0.526500 -nan(ind) -nan(ind) -nan(ind)
0.527500 -nan(ind) -nan(ind) -nan(ind)
0.528500 -nan(ind) -nan(ind) -nan(ind)
0.529500 -nan(ind) -nan(ind) -nan(ind)
0.530500 -nan(ind) -nan(ind) -nan(ind)
0.531500 -nan(ind) -nan(ind) -nan(ind)
0.532500 -nan(ind) -nan(ind) -nan(ind)
0.533500 -nan(ind) -nan(ind) -nan(ind)
0.534500 -nan(ind) -nan(ind) -nan(ind)
0.535500 -nan(ind) -nan(ind) -nan(ind)
0.536500 -nan(ind) -nan(ind) -nan(ind)
0.537500 -nan(ind) -nan(ind) -nan(ind)
0.538500 -nan(ind) -nan(ind) -nan(ind)
0.539500 -nan(ind) -nan(ind) -nan(ind)
0.540500 -nan(ind) -nan(ind) -nan(ind)
0.541500 -nan(ind) -nan(ind) -nan(ind)
0.542500 -nan(ind) -nan(ind) -nan(ind)
0.543500 -nan(ind) -nan(ind) -nan(ind)
0.544500 -nan(ind) -nan(ind) -nan(ind)
0.545500 -nan(ind) -nan(ind) -nan(ind)
0.546500 -nan(ind) -nan(ind) -nan(ind)
0.547500 -nan(ind) -nan(ind) -nan(ind)
0.548500 -nan(ind) -nan(ind) -nan(ind)
0.549500 -nan(ind) -nan(ind) -nan(ind)
0.550500 -nan(ind) -nan(ind) -nan(ind)
0.551500 -nan(ind) -nan(ind) -nan(ind)
0.552500 -nan(ind) -nan(ind) -nan(ind)
0.553500 -nan(ind) -nan(ind) -nan(ind)
0.554500 -nan(ind) -nan(ind) -nan(ind)
0.555500 -nan(ind) -nan(ind) -nan(ind)
0.556500 -nan(ind) -nan(ind) -nan(ind)
0.557500 -nan(ind) -nan(ind) -nan(ind)
0.558500 -nan(ind) -nan(ind) -nan(ind)
0.559500 -nan(ind) -nan(ind) -nan(ind)
0.560500 -nan(ind) -nan(ind) -nan(ind)
0.561500 -nan(ind) -nan(ind) -nan(ind)
0.562500 -nan(ind) -nan(ind) -nan(ind)
0.563500 -nan(ind) -nan(ind) -nan(ind)
0.564500 -nan(ind) -nan(ind) -nan(ind)
0.565500 -nan(ind) -nan(ind) -nan(ind)
0.566500 -nan(ind) -nan(ind) -nan(ind)
0.567500 -nan(ind) -nan(ind) -nan(ind)
0.568500 -nan(ind) -nan(ind) -nan(ind)
0.569500 -nan(ind) -nan(ind) -nan(ind)
0.570500 -nan(ind) -nan(ind) -nan(ind)
0.571500 -nan(ind) -nan(ind) -nan(ind)
0.572500 -92994752200993693688989386904590895794615127125655227650210368513700063388982946483453002628186964458513804508711420797423511206684204857294828025426084921953698066731467032066898526208.000000 49990293447790442251084096998062814113069013420733259071602611045989431758897798053327840864609377911637129152659110710017849613595521016202089084490506698005388145518097248125731755954599362560.000000 -13436400233845429303886503110737894810272847752655571997507978096319015153741884800305211073658888817613212137159416306569729454364373306360648225684728638863750963986251433895561138881662343888037216256.000000
0.573500 -24999318473491980704324368325854973392688566642628904222946790894013556606386357538442754158323117989877191166629661496926962378297342490632847110293537002015118327808.000000 7637061081621426010301485816180577786216416790102656018015210672487728587589334073307487180755293487805539405549583111684336239425145370546933624142280125907143502354033147904.000000 -1166525830174571537848886341153454101693380506292513468519066569142801990089491418821588413410770580948831098446400127852326927404550893285490028300297152452330313827831607278377631744.000000
0.574500 -14323768834859137594132382850798390836056635612364917671904248677438384808211168529776658560020596297171107251719393720089587732540300575622192844242944.000000 -72855486503980029895489471182465247978531721911839155079358741622939964698783824580267067634701041448719255407962019354947704088590995736677541816441643766644736.000000 396097334534279356809752584931104126292888694451014534422368354643802068765368290768807082914283686794678626716766751549222896130968131299698000846051014944599127883776000.000000
0.575500 -68881785531861242740629752892189887855958119493693057538178487563039270664422847622088036165032441009276194383144337925677031405549593606822141454450688.000000 310294537908079026691736667066162237885563247757093445747721727982083669219464549078080883597734078517867811805276420556990908246500313163597498090223098243579904.000000 316319474245396942863512989014748952758928829113743492006326790936336628630813222792122703586596814804555145530648285842002255155936742508628668413290205896105093285019648.000000
0.576500 -190315645205407874838048570075570284607144180337653939739317322336769452057844214457117044678386731398845023694127031244882321154598064684609290920525824.000000 25150905826369053624595129717147465630293406221736048528676857395372599214851711439988610639657449745510867134458247739009136578804948052143727243170473178306707456.000000 2589667130299226792141461346574072859765810404830123889295750113093266210808000492937456765042666614875634627688856735554865742426293450949521288100203642777463378272101335040.000000
0.577500 51658908891913443172419850078521924107029862970163429191103622406257003549351486814162770835428519569574444203874034236830116988085709917403058083463168.000000 87824795440473987303214301543864809147432197357282689561559449331874072405720557432494400227430934723626898444311246733279074514754169193953764369392745312157696.000000 -301184631920854033413539644673606042754469575808818905736207388987429752860768337671067888443870067432249883377972720954061975896988009932515470167789030138495646560157696.000000
0.578500 -50430008632534214457532054167684063489972777877393340326210295688671673407274966131405536086361986474057199126782331656257904283358259854036078411382784.000000 -89670031085026872680677590683308662672487173738325000652561020318161592858031098770164230465848513731157353067503911731090263462316374118362000231161380655333376.000000 306355767364785403436872253964710806414839172510989588186098273356042827540915378033456484596221847033289431550476901837244663630128895600826288298764594957526521390039040.000000
0.579500 430677473477425556615083023921258718886359089656199202575177215602315411525045809526661771932295495190650737434215441622602524301818068992.000000 -197807057652624145302478884431750036558024427490289492252129807213752236668421026419340864804986662143576131397988606969928553299765644236125372416.000000 45425667284014729603681329850801884491964564270021868151157894250258603794078434183433884501976208253504728565639147508701835697178741430437874738005016576.000000
0.580500 -25944001792841173839732743964654263558272356464343086216557168616940247241510459829402654528326387619293128305755766829088768.000000 98548650899945247598173890524244115365263872877030127953409184579951165207984178195605562700138795622870384330607145209965301465088.000000 -186898872008106933426406066363998824213474314214753004136143005216638167593833388930696420053833886927290958060646188142022530365546037248.000000
0.581500 -1639711801020256259649321671344498942757398627191949138771923927517697271483721955228403056633181854997737200452856971264.000000 -962660122678397607078292789066762650123294789125309359703778471414433187843951440736179094219742304775515054459859522189789233152.000000 321127034189227163871320553767537443329173563402340287747683512099556406225528080261568131040360827407224731784331448955583969517109248.000000
0.582500 -211086401446526308088162336807156103892538921102423181597995221637914704504368963130467928768512.000000 207388314519298342816630904804288616939333463908753838437911214849282677683234972014956168984846663680.000000 -101877293416533593049520166871267697738053343145666154040140356221741619637048717455101694573167691134140416.000000
0.583500 4549655693379702623509282705387569634294267884430001539774692275913603900580932457164124979200.000000 229564726870521138960282537887153644367123714045277674964583518405930138753419616904596361336349261824.000000 -9480082873535798887666915831443282931543355040091493178066618553140998116190808134374085956111020263175356416.000000
0.584500 39678827401863839144378679456019857847950976102905431118315423668893671159035876037846072557568.000000 -1623326205778745371530949520343162265138967529447588929952388531470064325576166152040475142465257472000.000000 -98323492499079256322513538503911813079001014708820557958411463295317603722527727724953049005877782257046913024.000000
0.585500 365911483025711146534364076260227837318562632269329590313927663892333531272010705283434546066358272.000000 -179438050177095246612206691772383465469480177639213044520173582401288888750670002251594814368899676067856384.000000 51340462318670007018517773284997467745966814863370673636357812967818568264811874985157805931674063111918036107395072.000000
0.586500 875028834205534688537973159477914914950216993305753709512503388514925846809323774190774168096133391319040.000000 1579241194358389389658676352744199501696717192197837847028011298446863449487968145047039803435951464196289113096192.000000 -510573656977653576725261763498989483576849150543347027557045641315814246606635270602658327668001567433349138465578448584704.000000
0.587500 -1660620921615723402057619322338509042265857821022104210619138050885416073439630867023220256216833613407325257728.000000 -481835031277004396339541136952549469967909366702504719525063594541752103690587948227771369000395982390105178795174812188672.000000 39316607077578347794970518863666291691042542855900237997422799128335246851023236445225206696272278686721001432123369107961952600064.000000
0.588500 -1660619968780037894001089441818228655276625769298948731213839789071953605302630807845467649597317794555987230720.000000 -481835027354054350392648144895969970070099944261436340328824041569238724592388441114547757663110005377024377411239757742080.000000 39316582788172038861867981101263484591971193418524310850966200514070156755950134516819813467586027378895159037887444023851968626688.000000
0.589500 73585736456609654297030801396662554482552613627087762846227313056104483320128719968277703215880588652538789140189151232.000000 94216352636466788455833183294274688182769749479989865658536473789796746224336806902992893920739715729691228660189143080563113984.000000 60093955048031210110046663574850326092830825783045806115805584751568311204505654146622815696495718922044151295613533944263935398095355904.000000
0.590500 -60917869944183326242480192601989863108078054335967299360468332927644225127460956272858310907022311841712487506899320376438938704805888.000000 9503165185061594460707125812716528033701845784536019350293679947255515701451978412480714193790604536536418392772878750957017392789883595056480256.000000 1575833934935598915892231641138783271804918389711271395446713963358315856251593411475272155503034432192852333731858060215318426423950327254046585067470323712.000000
0.591500 141806364910113732862826717814093581616073067248834424247070396348842480716957828556526089035066052595723518334358691528627631119400960.000000 -14583898667718984601847550610112151966896403310842838012496567009780303715546236548734684453249391616956030467544801078384414231835710765725122560.000000 -3576736775180698104928289413966623545197085024124241060379500291295757572750209915006253448057758207077678165993268463948245508046412213308084084802039316480.000000
0.592500 -79785366254305631320578942613302077152314753542750730000036868273076101340335062321104971721849969806944352755781013623177143774085120.000000 5051476509447782224931329389341463309949222591315468232482052979842177081753296529818268291824488787682876070506468579224618253707892771157704704.000000 1984681717096503643863552046136668263979444359138012947874725897200599388402850251487301059710565446746959520385006685546536659437654111671737917114098384896.000000
0.593500 -73200848640229010723960998396932703683479105082022951740980782706253410755325023151069886861326050861248532386293860503669178368.000000 -467377678720439180557421410135260871291498064931248031783172722073151833649946121117264316411081953342172715400227497273118089250816917504.000000 -1491621379013011739022475225619716801988150745408046195409545550838597816654831412142799281059093118400992657565075711268744143999457720857631129600.000000
0.594500 -120219285691109062344877597888918252028578116717586952190396694864293890582396230417943562734498081491632513181959803895808.000000 17136896579891928943850664270082514326419257469190235454942324269824311319754930639964038119910835322241748696456860033310491934720.000000 13633728467575173356065897678972685241644065322519219123456081976585799278725879773202062323258467738261313994467336273268732883690244276224.000000
0.595500 323882168552146000123227587023165469089113125125694497903843577658507367990903781223881191644516420827326451810304.000000 -15048725356183924908505811900887581184763154711567021044321193800598399995808281188919495779246297648221250410747432796160.000000 207563371449646606975919127107752238342294948160770705816636988096080219739663243837416774814069688412908078164631606365058498560.000000
0.596500 -111498160202322563202752613283880598813356027952624421719866081747988147329722126864401932713671949761827699687424.000000 4321929942508328105065333367943552074890027328460675062462359799125176839556020600380466461517873474885514963333104533504.000000 -31884854955285510282757100756697046982292982962430899517304515371607966809923242476966111414338054655848818182532536419120840704.000000
0.597500 -15120398882374551766517947542581009415188078652333685050588257991632667206639404350555416941954516434026496.000000 964671735770474662385247798809114571304776986509326461663233017215537778704063182739348232978325651637213998350336.000000 -30775137467532318102032344257944467083669705465569562246768567856718549165296328976717546676508904843658925553451077206016.000000
0.598500 4795665766777704437423637819176864813704782835726145379278282098247673107604420862166690793457045989228544.000000 -305947026478647246548468696212547132938521977277100623331868972629469903374580638782045482175642543780353091305472.000000 9759185331425100413318071421400400866925312509589885164362233142242281560298017819615962705984993004657861886688435896320.000000
0.599500 -171506764205924733204279001970499288021959534391278365549581154708881408.000000 50968516817896901398983231683190069368635588170776831468522204534169451626496.000000 53727411239414390196140204282495434629580681683022975490448025762730713753044647936.000000
0.600500 828192222653902655489587185234090099278454491961646787915313815364829184.000000 636348974637577833740102114327907882700232513602128090607258583691567409659904.000000 58962610770865166229040930596059420205618545489917153285498328820640330364261236736.000000
0.601500 -1316170183673503879685994787377019874076336145729513601468727296.000000 9845560491838589693456107929094016818920860812043063808725356810076160.000000 247407977170277499895414061659498671578652860035070090887497916893814004383744.000000
0.602500 543769006858424083675322765651617243425221871671580848181759182897152.000000 34968647399486600887849189911000759013785704817034473917395164719188740669440.000000 -80038807370308081184753614546393089650687564354979075515911556933592223737647726592.000000
0.603500 15552736936398990307758733317961275389452646373916672.000000 548243172352449594637209192151504466800224073248099958521856.000000 -14709273855796034134484955994003631563698738707939423655538615910400.000000
0.604500 48748822469245579321885896717510151233238394770292736.000000 -87025076875991004570335567391783642965051755960700004990976.000000 73300451720805555398554754808249351518759736244477236110925234176.000000
0.605500 -1054816253489430869279173306822352582872722149568675840.000000 -41383119959279030644210892247496087686827215009898001076322304.000000 -811642196282441928559740726703303728713954021899251214345647461236736.000000
0.606500 74632042891385480844698891478120169234188063473664.000000 -1891534272314357442025280289685037039423595782187515904.000000 -1593846489757938678290564511362933994032372352704757756854272.000000
0.607500 -1609063770725602601732850345155543197343924107608064.000000 -298419831710784436057977927881604708953140107193956171776.000000 1742156259089818537638105197079377309225234059940961493320728576.000000
0.608500 1956719887201479742703484170735190016.000000 -221707707630838250289946892811726542077952.000000 12560169817250697944540073780437405783625302016.000000
0.609500 42126028255073247766450798592.000000 -607670087121465164837203002523648.000000 4382331423307485149267921196525027328.000000
0.610500 464271199572077376.000000 -179917055813651922944.000000 35240505830632138473472.000000
0.611500 -40261683155477008.000000 10413591633102282752.000000 -1451028954573477773312.000000
0.612500 11853355259144.765625 1429191751975979.250000 82278707020987200.000000
0.613500 -123801851035843.218750 -26278295702617908.000000 -2780668640957656064.000000
0.614500 -124748331604557.093750 -24333534231840792.000000 -1999178301208499456.000000
0.615500 659108085772.022217 -55555338127593.406250 -87774460131821792.000000
0.616500 -90882618458051.015625 -41061296244265464.000000 -13902685630994376704.000000
0.617500 112083565402038.890625 43939942695658432.000000 10376299679641206784.000000
0.618500 24385824290.760883 -6645758596830.005859 905496134921361.250000
0.619500 -0.130395 -5.717524 207.465327
0.620500 -0.028122 2.604681 60.208067
0.621500 0.024888 3.460367 99.451386
0.622500 0.050871 -0.337056 0.231097
0.623500 0.124129 0.207890 2.740778
0.624500 0.100000 0.000000 1.500000
0.625500 0.100000 0.000000 1.500000
0.626500 0.100000 0.000000 1.500000
0.627500 0.100000 0.000000 1.500000
0.628500 0.100000 0.000000 1.500000
0.629500 0.100000 0.000000 1.500000
0.630500 0.100000 0.000000 1.500000
0.631500 0.100000 0.000000 1.500000
0.632500 0.100000 0.000000 1.500000
0.633500 0.100000 0.000000 1.500000
0.634500 0.100000 0.000000 1.500000
0.635500 0.100000 0.000000 1.500000
0.636500 0.100000 0.000000 1.500000
0.637500 0.100000 0.000000 1.500000
0.638500 0.100000 0.000000 1.500000
0.639500 0.100000 0.000000 1.500000
0.640500 0.100000 0.000000 1.500000
0.641500 0.100000 0.000000 1.500000
0.642500 0.100000 0.000000 1.500000
0.643500 0.100000 0.000000 1.500000
0.644500 0.100000 0.000000 1.500000
0.645500 0.100000 0.000000 1.500000
0.646500 0.100000 0.000000 1.500000
0.647500 0.100000 0.000000 1.500000
0.648500 0.100000 0.000000 1.500000
0.649500 0.100000 0.000000 1.500000
0.650500 0.100000 0.000000 1.500000
0.651500 0.100000 0.000000 1.500000
0.652500 0.100000 0.000000 1.500000
0.653500 0.100000 0.000000 1.500000
0.654500 0.100000 0.000000 1.500000
0.655500 0.100000 0.000000 1.500000
0.656500 0.100000 0.000000 1.500000
0.657500 0.100000 0.000000 1.500000
0.658500 0.100000 0.000000 1.500000
0.659500 0.100000 0.000000 1.500000
0.660500 0.100000 0.000000 1.500000
0.661500 0.100000 0.000000 1.500000
0.662500 0.100000 0.000000 1.500000
0.663500 0.100000 0.000000 1.500000
0.664500 0.100000 0.000000 1.500000
0.665500 0.100000 0.000000 1.500000
0.666500 0.100000 0.000000 1.500000
0.667500 0.100000 0.000000 1.500000
0.668500 0.100000 0.000000 1.500000
0.669500 0.100000 0.000000 1.500000
0.670500 0.100000 0.000000 1.500000
0.671500 0.100000 0.000000 1.500000
0.672500 0.100000 0.000000 1.500000
0.673500 0.100000 0.000000 1.500000
0.674500 0.100000 0.000000 1.500000
0.675500 0.100000 0.000000 1.500000
0.676500 0.100000 0.000000 1.500000
0.677500 0.100000 0.000000 1.500000
0.678500 0.100000 0.000000 1.500000
0.679500 0.100000 0.000000 1.500000
0.680500 0.100000 0.000000 1.500000
0.681500 0.100000 0.000000 1.500000
0.682500 0.100000 0.000000 1.500000
0.683500 0.100000 0.000000 1.500000
0.684500 0.100000 0.000000 1.500000
0.685500 0.100000 0.000000 1.500000
0.686500 0.100000 0.000000 1.500000
0.687500 0.100000 0.000000 1.500000
0.688500 0.100000 0.000000 1.500000
0.689500 0.100000 0.000000 1.500000
0.690500 0.100000 0.000000 1.500000
0.691500 0.100000 0.000000 1.500000
0.692500 0.100000 0.000000 1.500000
0.693500 0.100000 0.000000 1.500000
0.694500 0.100000 0.000000 1.500000
0.695500 0.100000 0.000000 1.500000
0.696500 0.100000 0.000000 1.500000
0.697500 0.100000 0.000000 1.500000
0.698500 0.100000 0.000000 1.500000
0.699500 0.100000 0.000000 1.500000
0.700500 0.100000 0.000000 1.500000
0.701500 0.100000 0.000000 1.500000
0.702500 0.100000 0.000000 1.500000
0.703500 0.100000 0.000000 1.500000
0.704500 0.100000 0.000000 1.500000
0.705500 0.100000 0.000000 1.500000
0.706500 0.100000 0.000000 1.500000
0.707500 0.100000 0.000000 1.500000
0.708500 0.100000 0.000000 1.500000
0.709500 0.100000 0.000000 1.500000
0.710500 0.100000 0.000000 1.500000
0.711500 0.100000 0.000000 1.500000
0.712500 0.100000 0.000000 1.500000
0.713500 0.100000 0.000000 1.500000
0.714500 0.100000 0.000000 1.500000
0.715500 0.100000 0.000000 1.500000
0.716500 0.100000 0.000000 1.500000
0.717500 0.100000 0.000000 1.500000
0.718500 0.100000 0.000000 1.500000
0.719500 0.100000 0.000000 1.500000
0.720500 0.100000 0.000000 1.500000
0.721500 0.100000 0.000000 1.500000
0.722500 0.100000 0.000000 1.500000
0.723500 0.100000 0.000000 1.500000
0.724500 0.100000 0.000000 1.500000
0.725500 0.100000 0.000000 1.500000
0.726500 0.100000 0.000000 1.500000
0.727500 0.100000 0.000000 1.500000
0.728500 0.100000 0.000000 1.500000
0.729500 0.100000 0.000000 1.500000
0.730500 0.100000 0.000000 1.500000
0.731500 0.100000 0.000000 1.500000
0.732500 0.100000 0.000000 1.500000
0.733500 0.100000 0.000000 1.500000
0.734500 0.100000 0.000000 1.500000
0.735500 0.100000 0.000000 1.500000
0.736500 0.100000 0.000000 1.500000
0.737500 0.100000 0.000000 1.500000
0.738500 0.100000 0.000000 1.500000
0.739500 0.100000 0.000000 1.500000
0.740500 0.100000 0.000000 1.500000
0.741500 0.100000 0.000000 1.500000
0.742500 0.100000 0.000000 1.500000
0.743500 0.100000 0.000000 1.500000
0.744500 0.100000 0.000000 1.500000
0.745500 0.100000 0.000000 1.500000
0.746500 0.100000 0.000000 1.500000
0.747500 0.100000 0.000000 1.500000
0.748500 0.100000 0.000000 1.500000
0.749500 0.100000 0.000000 1.500000
0.750500 0.100000 0.000000 1.500000
0.751500 0.100000 0.000000 1.500000
0.752500 0.100000 0.000000 1.500000
0.753500 0.100000 0.000000 1.500000
0.754500 0.100000 0.000000 1.500000
0.755500 0.100000 0.000000 1.500000
0.756500 0.100000 0.000000 1.500000
0.757500 0.100000 0.000000 1.500000
0.758500 0.100000 0.000000 1.500000
0.759500 0.100000 0.000000 1.500000
0.760500 0.100000 0.000000 1.500000
0.761500 0.100000 0.000000 1.500000
0.762500 0.100000 0.000000 1.500000
0.763500 0.100000 0.000000 1.500000
0.764500 0.100000 0.000000 1.500000
0.765500 0.100000 0.000000 1.500000
0.766500 0.100000 0.000000 1.500000
0.767500 0.100000 0.000000 1.500000
0.768500 0.100000 0.000000 1.500000
0.769500 0.100000 0.000000 1.500000
0.770500 0.100000 0.000000 1.500000
0.771500 0.100000 0.000000 1.500000
0.772500 0.100000 0.000000 1.500000
0.773500 0.100000 0.000000 1.500000
0.774500 0.100000 0.000000 1.500000
0.775500 0.100000 0.000000 1.500000
0.776500 0.100000 0.000000 1.500000
0.777500 0.100000 0.000000 1.500000
0.778500 0.100000 0.000000 1.500000
0.779500 0.100000 0.000000 1.500000
0.780500 0.100000 0.000000 1.500000
0.781500 0.100000 0.000000 1.500000
0.782500 0.100000 0.000000 1.500000
0.783500 0.100000 0.000000 1.500000
0.784500 0.100000 0.000000 1.500000
0.785500 0.100000 0.000000 1.500000
0.786500 0.100000 0.000000 1.500000
0.787500 0.100000 0.000000 1.500000
0.788500 0.100000 0.000000 1.500000
0.789500 0.100000 0.000000 1.500000
0.790500 0.100000 0.000000 1.500000
0.791500 0.100000 0.000000 1.500000
0.792500 0.100000 0.000000 1.500000
0.793500 0.100000 0.000000 1.500000
0.794500 0.100000 0.000000 1.500000
0.795500 0.100000 0.000000 1.500000
0.796500 0.100000 0.000000 1.500000
0.797500 0.100000 0.000000 1.500000
0.798500 0.100000 0.000000 1.500000
0.799500 0.100000 0.000000 1.500000
0.800500 0.100000 0.000000 1.500000
0.801500 0.100000 0.000000 1.500000
0.802500 0.100000 0.000000 1.500000
0.803500 0.100000 0.000000 1.500000
0.804500 0.100000 0.000000 1.500000
0.805500 0.100000 0.000000 1.500000
0.806500 0.100000 0.000000 1.500000
0.807500 0.100000 0.000000 1.500000
0.808500 0.100000 0.000000 1.500000
0.809500 0.100000 0.000000 1.500000
0.810500 0.100000 0.000000 1.500000
0.811500 0.100000 0.000000 1.500000
0.812500 0.100000 0.000000 1.500000
0.813500 0.100000 0.000000 1.500000
0.814500 0.100000 0.000000 1.500000
0.815500 0.100000 0.000000 1.500000
0.816500 0.100000 0.000000 1.500000
0.817500 0.100000 0.000000 1.500000
0.818500 0.100000 0.000000 1.500000
0.819500 0.100000 0.000000 1.500000
0.820500 0.100000 0.000000 1.500000
0.821500 0.100000 0.000000 1.500000
0.822500 0.100000 0.000000 1.500000
0.823500 0.100000 0.000000 1.500000
0.824500 0.100000 0.000000 1.500000
0.825500 0.100000 0.000000 1.500000
0.826500 0.100000 0.000000 1.500000
0.827500 0.100000 0.000000 1.500000
0.828500 0.100000 0.000000 1.500000
0.829500 0.100000 0.000000 1.500000
0.830500 0.100000 0.000000 1.500000
0.831500 0.100000 0.000000 1.500000
0.832500 0.100000 0.000000 1.500000
0.833500 0.100000 0.000000 1.500000
0.834500 0.100000 0.000000 1.500000
0.835500 0.100000 0.000000 1.500000
0.836500 0.100000 0.000000 1.500000
0.837500 0.100000 0.000000 1.500000
0.838500 0.100000 0.000000 1.500000
0.839500 0.100000 0.000000 1.500000
0.840500 0.100000 0.000000 1.500000
0.841500 0.100000 0.000000 1.500000
0.842500 0.100000 0.000000 1.500000
0.843500 0.100000 0.000000 1.500000
0.844500 0.100000 0.000000 1.500000
0.845500 0.100000 0.000000 1.500000
0.846500 0.100000 0.000000 1.500000
0.847500 0.100000 0.000000 1.500000
0.848500 0.100000 0.000000 1.500000
0.849500 0.100000 0.000000 1.500000
0.850500 0.100000 0.000000 1.500000
0.851500 0.100000 0.000000 1.500000
0.852500 0.100000 0.000000 1.500000
0.853500 0.100000 0.000000 1.500000
0.854500 0.100000 0.000000 1.500000
0.855500 0.100000 0.000000 1.500000
0.856500 0.100000 0.000000 1.500000
0.857500 0.100000 0.000000 1.500000
0.858500 0.100000 0.000000 1.500000
0.859500 0.100000 0.000000 1.500000
0.860500 0.100000 0.000000 1.500000
0.861500 0.100000 0.000000 1.500000
0.862500 0.100000 0.000000 1.500000
0.863500 0.100000 0.000000 1.500000
0.864500 0.100000 0.000000 1.500000
0.865500 0.100000 0.000000 1.500000
0.866500 0.100000 0.000000 1.500000
0.867500 0.100000 0.000000 1.500000
0.868500 0.100000 0.000000 1.500000
0.869500 0.100000 0.000000 1.500000
0.870500 0.100000 0.000000 1.500000
0.871500 0.100000 0.000000 1.500000
0.872500 0.100000 0.000000 1.500000
0.873500 0.100000 0.000000 1.500000
0.874500 0.100000 0.000000 1.500000
0.875500 0.100000 0.000000 1.500000
0.876500 0.100000 0.000000 1.500000
0.877500 0.100000 0.000000 1.500000
0.878500 0.100000 0.000000 1.500000
0.879500 0.100000 0.000000 1.500000
0.880500 0.100000 0.000000 1.500000
0.881500 0.100000 0.000000 1.500000
0.882500 0.100000 0.000000 1.500000
0.883500 0.100000 0.000000 1.500000
0.884500 0.100000 0.000000 1.500000
0.885500 0.100000 0.000000 1.500000
0.886500 0.100000 0.000000 1.500000
0.887500 0.100000 0.000000 1.500000
0.888500 0.100000 0.000000 1.500000
0.889500 0.100000 0.000000 1.500000
0.890500 0.100000 0.000000 1.500000
0.891500 0.100000 0.000000 1.500000
0.892500 0.100000 0.000000 1.500000
0.893500 0.100000 0.000000 1.500000
0.894500 0.100000 0.000000 1.500000
0.895500 0.100000 0.000000 1.500000
0.896500 0.100000 0.000000 1.500000
0.897500 0.100000 0.000000 1.500000
0.898500 0.100000 0.000000 1.500000
0.899500 0.100000 0.000000 1.500000
0.900500 0.100000 0.000000 1.500000
0.901500 0.100000 0.000000 1.500000
0.902500 0.100000 0.000000 1.500000
0.903500 0.100000 0.000000 1.500000
0.904500 0.100000 0.000000 1.500000
0.905500 0.100000 0.000000 1.500000
0.906500 0.100000 0.000000 1.500000
0.907500 0.100000 0.000000 1.500000
0.908500 0.100000 0.000000 1.500000
0.909500 0.100000 0.000000 1.500000
0.910500 0.100000 0.000000 1.500000
0.911500 0.100000 0.000000 1.500000
0.912500 0.100000 0.000000 1.500000
0.913500 0.100000 0.000000 1.500000
0.914500 0.100000 0.000000 1.500000
0.915500 0.100000 0.000000 1.500000
0.916500 0.100000 0.000000 1.500000
0.917500 0.100000 0.000000 1.500000
0.918500 0.100000 0.000000 1.500000
0.919500 0.100000 0.000000 1.500000
0.920500 0.100000 0.000000 1.500000
0.921500 0.100000 0.000000 1.500000
0.922500 0.100000 0.000000 1.500000
0.923500 0.100000 0.000000 1.500000
0.924500 0.100000 0.000000 1.500000
0.925500 0.100000 0.000000 1.500000
0.926500 0.100000 0.000000 1.500000
0.927500 0.100000 0.000000 1.500000
0.928500 0.100000 0.000000 1.500000
0.929500 0.100000 0.000000 1.500000
0.930500 0.100000 0.000000 1.500000
0.931500 0.100000 0.000000 1.500000
0.932500 0.100000 0.000000 1.500000
0.933500 0.100000 0.000000 1.500000
0.934500 0.100000 0.000000 1.500000
0.935500 0.100000 0.000000 1.500000
0.936500 0.100000 0.000000 1.500000
0.937500 0.100000 0.000000 1.500000
0.938500 0.100000 0.000000 1.500000
0.939500 0.100000 0.000000 1.500000
0.940500 0.100000 0.000000 1.500000
0.941500 0.100000 0.000000 1.500000
0.942500 0.100000 0.000000 1.500000
0.943500 0.100000 0.000000 1.500000
0.944500 0.100000 0.000000 1.500000
0.945500 0.100000 0.000000 1.500000
0.946500 0.100000 0.000000 1.500000
0.947500 0.100000 0.000000 1.500000
0.948500 0.100000 0.000000 1.500000
0.949500 0.100000 0.000000 1.500000
0.950500 0.100000 0.000000 1.500000
0.951500 0.100000 0.000000 1.500000
0.952500 0.100000 0.000000 1.500000
0.953500 0.100000 0.000000 1.500000
0.954500 0.100000 0.000000 1.500000
0.955500 0.100000 0.000000 1.500000
0.956500 0.100000 0.000000 1.500000
0.957500 0.100000 0.000000 1.500000
0.958500 0.100000 0.000000 1.500000
0.959500 0.100000 0.000000 1.500000
0.960500 0.100000 0.000000 1.500000
0.961500 0.100000 0.000000 1.500000
0.962500 0.100000 0.000000 1.500000
0.963500 0.100000 0.000000 1.500000
0.964500 0.100000 0.000000 1.500000
0.965500 0.100000 0.000000 1.500000
0.966500 0.100000 0.000000 1.500000
0.967500 0.100000 0.000000 1.500000
0.968500 0.100000 0.000000 1.500000
0.969500 0.100000 0.000000 1.500000
0.970500 0.100000 0.000000 1.500000
0.971500 0.100000 0.000000 1.500000
0.972500 0.100000 0.000000 1.500000
0.973500 0.100000 0.000000 1.500000
0.974500 0.100000 0.000000 1.500000
0.975500 0.100000 0.000000 1.500000
0.976500 0.100000 0.000000 1.500000
0.977500 0.100000 0.000000 1.500000
0.978500 0.100000 0.000000 1.500000
0.979500 0.100000 0.000000 1.500000
0.980500 0.100000 0.000000 1.500000
0.981500 0.100000 0.000000 1.500000
0.982500 0.100000 0.000000 1.500000
0.983500 0.100000 0.000000 1.500000
0.984500 0.100000 0.000000 1.500000
0.985500 0.100000 0.000000 1.500000
0.986500 0.100000 0.000000 1.500000
0.987500 0.100000 0.000000 1.500000
0.988500 0.100000 0.000000 1.500000
0.989500 0.100000 0.000000 1.500000
0.990500 0.100000 0.000000 1.500000
0.991500 0.100000 0.000000 1.500000
0.992500 0.100000 0.000000 1.500000
0.993500 0.100000 0.000000 1.500000
0.994500 0.100000 0.000000 1.500000
0.995500 0.100000 0.000000 1.500000
0.996500 0.100000 0.000000 1.500000
0.997500 0.100000 0.000000 1.500000
0.998500 0.100000 0.000000 1.500000
0.999500 0.100000 0.000000 1.500000
