0.000500 1.000000 0.000000 1500.000000
0.001500 1.000000 0.000000 1500.000000
0.002500 1.000000 0.000000 1500.000000
0.003500 1.000000 0.000000 1500.000000
0.004500 1.000000 0.000000 1500.000000
0.005500 1.000000 0.000000 1500.000000
0.006500 1.000000 0.000000 1500.000000
0.007500 1.000000 0.000000 1500.000000
0.008500 1.000000 0.000000 1500.000000
0.009500 1.000000 0.000000 1500.000000
0.010500 1.000000 0.000000 1500.000000
0.011500 1.000000 0.000000 1500.000000
0.012500 1.000000 0.000000 1500.000000
0.013500 1.000000 0.000000 1500.000000
0.014500 1.000000 0.000000 1500.000000
0.015500 1.000000 0.000000 1500.000000
0.016500 1.000000 0.000000 1500.000000
0.017500 1.000000 0.000000 1500.000000
0.018500 1.000000 0.000000 1500.000000
0.019500 1.000000 0.000000 1500.000000
0.020500 1.000000 0.000000 1500.000000
0.021500 1.000000 0.000000 1500.000000
0.022500 1.000000 0.000000 1500.000000
0.023500 1.000000 0.000000 1500.000000
0.024500 1.000000 0.000000 1500.000000
0.025500 1.000000 0.000000 1500.000000
0.026500 1.000000 0.000000 1500.000000
0.027500 1.000000 0.000000 1500.000000
0.028500 1.000000 0.000000 1500.000000
0.029500 1.000000 0.000000 1500.000000
0.030500 1.000000 0.000000 1500.000000
0.031500 1.000000 0.000000 1500.000000
0.032500 1.000000 0.000000 1500.000000
0.033500 1.000000 0.000000 1500.000000
0.034500 1.000000 0.000000 1500.000000
0.035500 1.000000 0.000000 1500.000000
0.036500 1.000000 0.000000 1500.000000
0.037500 1.000000 0.000000 1500.000000
0.038500 1.000000 0.000000 1500.000000
0.039500 1.000000 0.000000 1500.000000
0.040500 1.000000 0.000000 1500.000000
0.041500 1.000000 0.000000 1500.000000
0.042500 1.000000 0.000000 1500.000000
0.043500 1.000000 0.000000 1500.000000
0.044500 1.000000 0.000000 1500.000000
0.045500 1.000000 0.000000 1500.000000
0.046500 1.000000 0.000000 1500.000000
0.047500 1.000000 0.000000 1500.000000
0.048500 1.000000 0.000000 1500.000000
0.049500 1.000000 0.000000 1500.000000
0.050500 1.000000 0.000000 1500.000000
0.051500 1.000000 0.000000 1500.000000
0.052500 1.000000 0.000000 1500.000000
0.053500 1.000000 0.000000 1500.000000
0.054500 1.000000 0.000000 1500.000000
0.055500 1.000000 0.000000 1500.000000
0.056500 1.000000 0.000000 1500.000000
0.057500 1.000000 0.000000 1500.000000
0.058500 1.000000 0.000000 1500.000000
0.059500 1.000000 0.000000 1500.000000
0.060500 1.000000 0.000000 1500.000000
0.061500 1.000000 0.000000 1500.000000
0.062500 1.000000 0.000000 1500.000000
0.063500 1.000000 0.000000 1500.000000
0.064500 1.000000 0.000000 1500.000000
0.065500 1.000000 0.000000 1500.000000
0.066500 1.000000 0.000000 1500.000000
0.067500 1.000000 0.000000 1500.000000
0.068500 1.000000 0.000000 1500.000000
0.069500 1.000000 0.000000 1500.000000
0.070500 1.000000 0.000000 1500.000000
0.071500 1.000000 0.000000 1500.000000
0.072500 1.000000 0.000000 1500.000000
0.073500 1.000000 0.000000 1500.000000
0.074500 1.000000 0.000000 1500.000000
0.075500 1.000000 0.000000 1500.000000
0.076500 1.000000 0.000000 1500.000000
0.077500 1.000000 0.000000 1500.000000
0.078500 1.000000 0.000000 1500.000000
0.079500 1.000000 0.000000 1500.000000
0.080500 1.000000 0.000000 1500.000000
0.081500 1.000000 0.000000 1500.000000
0.082500 1.000000 0.000000 1500.000000
0.083500 1.000000 0.000000 1500.000000
0.084500 1.000000 0.000000 1500.000000
0.085500 1.000000 0.000000 1500.000000
0.086500 1.000000 0.000000 1500.000000
0.087500 1.000000 0.000000 1500.000000
0.088500 1.000000 0.000000 1500.000000
0.089500 1.000000 0.000000 1500.000000
0.090500 1.000000 0.000000 1500.000000
0.091500 1.000000 0.000000 1500.000000
0.092500 1.000000 0.000000 1500.000000
0.093500 1.000000 0.000000 1500.000000
0.094500 1.000000 0.000000 1500.000000
0.095500 1.000000 0.000000 1500.000000
0.096500 1.000000 0.000000 1500.000000
0.097500 1.000000 0.000000 1500.000000
0.098500 1.000000 0.000000 1500.000000
0.099500 1.000000 0.000000 1500.000000
0.100500 1.000000 0.000000 1500.000000
0.101500 1.000000 0.000000 1500.000000
0.102500 1.000000 0.000000 1500.000000
0.103500 1.000000 0.000000 1500.000000
0.104500 1.000000 0.000000 1500.000000
0.105500 1.000000 0.000000 1500.000000
0.106500 1.000000 0.000000 1500.000000
0.107500 1.000000 0.000000 1500.000000
0.108500 1.000000 0.000000 1500.000000
0.109500 1.000000 0.000000 1500.000000
0.110500 1.000000 0.000000 1500.000000
0.111500 1.000000 0.000000 1500.000000
0.112500 1.000000 0.000000 1500.000000
0.113500 1.000000 0.000000 1500.000000
0.114500 1.000000 0.000000 1500.000000
0.115500 1.000000 0.000000 1500.000000
0.116500 1.000000 0.000000 1500.000000
0.117500 1.000000 0.000000 1500.000000
0.118500 1.000000 0.000000 1500.000000
0.119500 1.000000 0.000000 1500.000000
0.120500 1.000000 0.000000 1500.000000
0.121500 1.000000 0.000000 1500.000000
0.122500 1.000000 0.000000 1500.000000
0.123500 1.000000 0.000000 1500.000000
0.124500 1.000000 0.000000 1500.000000
0.125500 1.000000 0.000000 1500.000000
0.126500 1.000000 0.000000 1500.000000
0.127500 1.000000 0.000000 1500.000000
0.128500 1.000000 0.000000 1500.000000
0.129500 1.000000 0.000000 1500.000000
0.130500 1.000000 0.000000 1500.000000
0.131500 1.000000 0.000000 1500.000000
0.132500 1.000000 0.000000 1500.000000
0.133500 1.000000 0.000000 1500.000000
0.134500 1.000000 0.000000 1500.000000
0.135500 1.000000 0.000000 1500.000000
0.136500 1.000000 0.000000 1500.000000
0.137500 1.000000 0.000000 1500.000000
0.138500 1.000000 0.000000 1500.000000
0.139500 1.000000 0.000000 1500.000000
0.140500 1.000000 0.000000 1500.000000
0.141500 1.000000 0.000000 1500.000000
0.142500 1.000000 0.000000 1500.000000
0.143500 1.000000 0.000000 1500.000000
0.144500 1.000000 0.000000 1500.000000
0.145500 1.000000 0.000000 1500.000000
0.146500 1.000000 0.000000 1500.000000
0.147500 1.000000 0.000000 1500.000000
0.148500 1.000000 0.000000 1500.000000
0.149500 1.000000 0.000000 1500.000000
0.150500 1.000000 0.000000 1500.000000
0.151500 1.000000 0.000000 1500.000000
0.152500 1.000000 0.000000 1500.000000
0.153500 1.000000 0.000000 1500.000000
0.154500 1.000000 0.000000 1500.000000
0.155500 1.000000 0.000000 1500.000000
0.156500 1.000000 0.000000 1500.000000
0.157500 1.000000 0.000000 1500.000000
0.158500 1.000000 0.000000 1500.000000
0.159500 1.000000 0.000000 1500.000000
0.160500 1.000000 0.000000 1500.000000
0.161500 1.000000 0.000000 1500.000000
0.162500 1.000000 0.000000 1500.000000
0.163500 1.000000 0.000000 1500.000000
0.164500 1.000000 0.000000 1500.000000
0.165500 1.000000 0.000000 1500.000000
0.166500 1.000000 0.000000 1500.000000
0.167500 1.000000 0.000000 1500.000000
0.168500 1.000000 0.000000 1500.000000
0.169500 1.000000 0.000000 1500.000000
0.170500 1.000000 0.000000 1500.000000
0.171500 1.000000 0.000000 1500.000000
0.172500 1.000000 0.000000 1500.000000
0.173500 1.000000 0.000000 1500.000000
0.174500 1.000000 0.000000 1500.000000
0.175500 1.000000 0.000000 1500.000000
0.176500 1.000000 0.000000 1500.000000
0.177500 1.000000 0.000000 1500.000000
0.178500 1.000000 0.000000 1500.000000
0.179500 1.000000 0.000000 1500.000000
0.180500 1.000000 0.000000 1500.000000
0.181500 1.000000 0.000000 1500.000000
0.182500 1.000000 0.000000 1500.000000
0.183500 1.000000 0.000000 1500.000000
0.184500 1.000000 0.000000 1500.000000
0.185500 1.000000 0.000000 1500.000000
0.186500 1.000000 0.000000 1500.000000
0.187500 1.000000 0.000000 1500.000000
0.188500 1.000000 0.000000 1500.000000
0.189500 1.000000 0.000000 1500.000000
0.190500 1.000000 0.000000 1500.000000
0.191500 1.000000 0.000000 1500.000000
0.192500 1.000000 0.000000 1500.000000
0.193500 1.000000 0.000000 1500.000000
0.194500 1.000000 0.000000 1500.000000
0.195500 1.000000 0.000000 1500.000000
0.196500 1.000000 0.000000 1500.000000
0.197500 1.000000 0.000000 1500.000000
0.198500 1.000000 0.000000 1500.000000
0.199500 1.000000 0.000000 1500.000000
0.200500 1.000000 0.000000 1500.000000
0.201500 1.000000 0.000000 1500.000000
0.202500 1.000000 0.000000 1500.000000
0.203500 1.000000 0.000000 1500.000000
0.204500 1.000000 0.000000 1500.000000
0.205500 1.000000 0.000000 1500.000000
0.206500 1.000000 0.000000 1500.000000
0.207500 1.000000 0.000000 1500.000000
0.208500 1.000000 0.000000 1500.000000
0.209500 1.000000 0.000000 1500.000000
0.210500 1.000000 0.000000 1500.000000
0.211500 1.000000 0.000000 1500.000000
0.212500 1.000000 0.000000 1500.000000
0.213500 1.000000 0.000000 1500.000000
0.214500 1.000000 0.000000 1500.000000
0.215500 1.000000 0.000000 1500.000000
0.216500 1.000000 0.000000 1500.000000
0.217500 1.000000 0.000000 1500.000000
0.218500 1.000000 0.000000 1500.000000
0.219500 1.000000 0.000000 1500.000000
0.220500 1.000000 0.000000 1500.000000
0.221500 1.000000 0.000000 1500.000000
0.222500 1.000000 0.000000 1500.000000
0.223500 1.000000 0.000000 1500.000000
0.224500 1.000000 0.000000 1500.000000
0.225500 1.000000 0.000000 1500.000000
0.226500 1.000000 0.000000 1500.000000
0.227500 1.000000 0.000000 1500.000000
0.228500 1.000000 0.000000 1500.000000
0.229500 1.000000 0.000000 1500.000000
0.230500 1.000000 0.000000 1500.000000
0.231500 1.000000 0.000000 1500.000000
0.232500 1.000000 0.000000 1500.000000
0.233500 1.000000 0.000000 1500.000000
0.234500 1.000000 0.000000 1500.000000
0.235500 1.000000 0.000000 1500.000000
0.236500 1.000000 0.000000 1500.000000
0.237500 1.000000 0.000000 1500.000000
0.238500 1.000000 0.000000 1500.000000
0.239500 1.000000 0.000000 1500.000000
0.240500 1.000000 0.000000 1500.000000
0.241500 1.000000 0.000000 1500.000000
0.242500 1.000000 0.000000 1500.000000
0.243500 1.000000 0.000000 1500.000000
0.244500 1.000000 0.000000 1500.000000
0.245500 1.000000 0.000000 1500.000000
0.246500 1.000000 0.000000 1500.000000
0.247500 1.000000 0.000000 1500.000000
0.248500 1.000000 0.000000 1500.000000
0.249500 1.000000 0.000000 1500.000000
0.250500 1.000000 0.000000 1500.000000
0.251500 1.000000 0.000000 1500.000000
0.252500 1.000000 0.000000 1500.000000
0.253500 1.000000 0.000000 1500.000000
0.254500 1.000000 0.000000 1500.000000
0.255500 1.000000 0.000000 1500.000000
0.256500 1.000000 0.000000 1500.000000
0.257500 1.000000 0.000000 1500.000000
0.258500 1.000000 0.000000 1500.000000
0.259500 1.000000 0.000000 1500.000000
0.260500 1.000000 0.000000 1500.000000
0.261500 1.000000 0.000000 1500.000000
0.262500 1.000000 0.000000 1500.000000
0.263500 1.000000 0.000000 1500.000000
0.264500 1.000000 0.000000 1500.000000
0.265500 1.000000 0.000000 1500.000000
0.266500 1.000000 0.000000 1500.000000
0.267500 1.000000 0.000000 1500.000000
0.268500 1.000000 0.000000 1500.000000
0.269500 1.000000 0.000000 1500.000000
0.270500 1.000000 0.000000 1500.000000
0.271500 1.000000 0.000000 1500.000000
0.272500 1.000000 0.000000 1500.000000
0.273500 1.000000 0.000000 1500.000000
0.274500 1.000000 0.000000 1500.000000
0.275500 1.000000 0.000000 1500.000000
0.276500 1.000000 0.000000 1500.000000
0.277500 1.000000 0.000000 1500.000000
0.278500 1.000000 0.000000 1500.000000
0.279500 1.000000 0.000000 1500.000000
0.280500 1.000000 0.000000 1500.000000
0.281500 1.000000 0.000000 1500.000000
0.282500 1.000000 0.000000 1500.000000
0.283500 1.000000 0.000000 1500.000000
0.284500 1.000000 0.000000 1500.000000
0.285500 1.000000 0.000000 1500.000000
0.286500 1.000000 0.000000 1500.000000
0.287500 1.000000 0.000000 1500.000000
0.288500 1.000000 0.000000 1500.000000
0.289500 1.000000 0.000000 1500.000000
0.290500 1.000000 0.000000 1500.000000
0.291500 1.000000 0.000000 1500.000000
0.292500 1.000000 0.000000 1500.000000
0.293500 1.000000 0.000000 1500.000000
0.294500 1.000000 0.000000 1500.000000
0.295500 1.000000 0.000000 1500.000000
0.296500 1.000000 0.000000 1500.000000
0.297500 1.000000 0.000000 1500.000000
0.298500 1.000000 0.000000 1500.000000
0.299500 1.000000 0.000000 1500.000000
0.300500 1.000000 0.000000 1500.000000
0.301500 1.000000 0.000000 1500.000000
0.302500 1.000000 0.000000 1500.000000
0.303500 1.000000 0.000000 1500.000000
0.304500 1.000000 0.000000 1500.000000
0.305500 1.000000 0.000000 1500.000000
0.306500 1.000000 0.000000 1500.000000
0.307500 1.000000 0.000000 1500.000000
0.308500 1.000000 0.000000 1500.000000
0.309500 1.000000 0.000000 1500.000000
0.310500 1.000000 0.000000 1500.000000
0.311500 1.000000 0.000000 1500.000000
0.312500 1.000000 0.000000 1500.000000
0.313500 1.000000 0.000000 1500.000000
0.314500 1.000000 0.000000 1500.000000
0.315500 1.000000 0.000000 1500.000000
0.316500 1.000000 0.000000 1500.000000
0.317500 1.000000 0.000000 1500.000000
0.318500 1.000000 0.000000 1500.000000
0.319500 1.000000 0.000000 1500.000000
0.320500 1.000000 0.000000 1500.000000
0.321500 1.000000 0.000000 1500.000000
0.322500 1.000000 0.000000 1500.000000
0.323500 1.000000 0.000000 1500.000000
0.324500 1.000000 0.000000 1500.000000
0.325500 1.000000 0.000000 1500.000000
0.326500 1.000000 0.000000 1500.000000
0.327500 1.000000 0.000000 1500.000000
0.328500 1.000000 0.000000 1500.000000
0.329500 1.000000 0.000000 1500.000000
0.330500 1.000000 0.000000 1500.000000
0.331500 1.000000 0.000000 1500.000000
0.332500 1.000000 0.000000 1500.000000
0.333500 1.000000 0.000000 1500.000000
0.334500 1.000000 0.000000 1500.000000
0.335500 1.000000 0.000000 1500.000000
0.336500 1.000000 0.000000 1500.000000
0.337500 1.000000 0.000000 1500.000000
0.338500 1.000000 0.000000 1500.000000
0.339500 1.000000 0.000000 1500.000000
0.340500 1.000000 0.000000 1500.000000
0.341500 1.000000 0.000000 1500.000000
0.342500 1.000000 0.000000 1500.000000
0.343500 1.000000 0.000000 1500.000000
0.344500 1.000000 0.000000 1500.000000
0.345500 1.000000 0.000000 1500.000000
0.346500 1.000000 0.000000 1500.000000
0.347500 1.000000 0.000000 1500.000000
0.348500 1.000000 0.000000 1500.000000
0.349500 1.000000 0.000000 1500.000000
0.350500 1.000000 0.000000 1500.000000
0.351500 1.000000 0.000000 1500.000000
0.352500 1.000000 0.000000 1500.000000
0.353500 1.000000 0.000000 1500.000000
0.354500 1.000000 0.000000 1500.000000
0.355500 1.000000 0.000000 1500.000000
0.356500 1.000000 0.000000 1500.000000
0.357500 1.000000 0.000000 1500.000000
0.358500 1.000000 0.000000 1500.000000
0.359500 1.000000 0.000000 1500.000000
0.360500 1.000000 0.000000 1500.000000
0.361500 1.000000 0.000000 1500.000000
0.362500 1.000000 0.000000 1500.000000
0.363500 1.000000 0.000000 1500.000000
0.364500 1.000000 0.000000 1500.000000
0.365500 1.000000 0.000000 1500.000000
0.366500 1.000000 0.000000 1500.000000
0.367500 1.000000 0.000000 1500.000000
0.368500 1.000000 0.000000 1500.000000
0.369500 1.000000 0.000000 1500.000000
0.370500 1.000000 0.000000 1500.000000
0.371500 1.000000 0.000000 1500.000000
0.372500 1.000000 0.000000 1500.000000
0.373500 1.000000 0.000000 1500.000000
0.374500 1.000000 0.000000 1500.000000
0.375500 1.000000 0.000000 1500.000000
0.376500 1.000000 0.000000 1500.000000
0.377500 1.000000 0.000000 1500.000000
0.378500 1.000000 0.000000 1500.000000
0.379500 1.000000 0.000000 1500.000000
0.380500 1.000000 0.000000 1500.000000
0.381500 1.000000 0.000000 1500.000000
0.382500 1.000000 0.000000 1500.000000
0.383500 1.000000 0.000000 1500.000000
0.384500 1.000000 0.000000 1500.000000
0.385500 1.000000 0.000000 1500.000000
0.386500 1.000000 0.000000 1500.000000
0.387500 1.000000 0.000000 1500.000000
0.388500 1.000000 0.000000 1500.000000
0.389500 1.000000 0.000000 1500.000000
0.390500 1.000000 0.000000 1500.000000
0.391500 1.000000 0.000000 1500.000000
0.392500 1.000000 0.000000 1500.000000
0.393500 1.000000 0.000000 1500.000000
0.394500 1.000000 0.000000 1500.000000
0.395500 1.000000 0.000000 1500.000000
0.396500 1.000000 0.000000 1500.000000
0.397500 1.000000 0.000000 1500.000000
0.398500 1.000000 0.000000 1500.000000
0.399500 1.000000 0.000000 1500.000000
0.400500 1.000000 0.000000 1500.000000
0.401500 1.000000 0.000000 1500.000000
0.402500 1.000000 0.000000 1500.000000
0.403500 1.000000 0.000000 1500.000000
0.404500 1.000000 0.000000 1500.000000
0.405500 1.000000 0.000000 1500.000000
0.406500 1.000000 0.000000 1500.000000
0.407500 1.000000 0.000000 1500.000000
0.408500 1.000000 0.000000 1500.000000
0.409500 1.000000 0.000000 1500.000000
0.410500 1.000000 0.000000 1500.000000
0.411500 1.000000 0.000000 1500.000000
0.412500 1.000000 0.000000 1500.000000
0.413500 1.000000 0.000000 1500.000000
0.414500 1.000000 0.000000 1500.000000
0.415500 1.000000 0.000000 1500.000000
0.416500 1.000000 0.000000 1500.000000
0.417500 1.000000 0.000000 1500.000000
0.418500 1.000000 0.000000 1500.000000
0.419500 1.000000 0.000000 1500.000000
0.420500 1.000000 0.000000 1500.000000
0.421500 1.000000 0.000000 1500.000000
0.422500 1.000000 0.000000 1500.000000
0.423500 1.000000 0.000000 1500.000000
0.424500 1.000000 0.000000 1500.000000
0.425500 1.000000 0.000000 1500.000000
0.426500 1.000000 0.000000 1500.000000
0.427500 1.000000 0.000000 1500.000000
0.428500 1.000000 0.000000 1500.000000
0.429500 1.000000 0.000000 1500.000000
0.430500 1.000000 0.000000 1500.000000
0.431500 1.000000 0.000000 1500.000000
0.432500 1.000000 0.000000 1500.000000
0.433500 1.000000 0.000000 1500.000000
0.434500 1.000000 0.000000 1500.000000
0.435500 1.000000 0.000000 1500.000000
0.436500 1.000000 0.000000 1500.000000
0.437500 1.000000 0.000000 1500.000000
0.438500 1.000000 0.000000 1500.000000
0.439500 1.000000 0.000000 1500.000000
0.440500 1.000000 0.000000 1500.000000
0.441500 1.000000 0.000000 1500.000000
0.442500 1.000000 0.000000 1500.000000
0.443500 1.000000 0.000000 1500.000000
0.444500 1.000000 0.000000 1500.000000
0.445500 1.000000 0.000000 1500.000000
0.446500 1.000000 0.000000 1500.000000
0.447500 1.000000 0.000000 1500.000000
0.448500 1.000000 0.000000 1500.000000
0.449500 1.000000 0.000000 1500.000000
0.450500 1.000000 0.000000 1500.000000
0.451500 1.000000 0.000000 1500.000000
0.452500 1.000000 0.000000 1500.000000
0.453500 1.000000 0.000000 1500.000000
0.454500 1.000000 0.000000 1500.000000
0.455500 1.000000 0.000000 1500.000000
0.456500 1.000000 0.000000 1500.000000
0.457500 1.000000 0.000000 1500.000000
0.458500 1.000000 0.000000 1500.000000
0.459500 1.000000 0.000000 1500.000000
0.460500 -89131679840169210352255369216.000000 4486144290798241506585207255125196800.000000 -112897516539297833080154098864427445505753088.000000
0.461500 332124571517453372395984298967040.000000 8906031621527306835255456648161299912427705466880.000000 88396893022112053994087081404607872485262592246858644725134524416.000000
0.462500 -nan(ind) -nan(ind) -nan(ind)
0.463500 -nan(ind) -nan(ind) -nan(ind)
0.464500 -nan(ind) -nan(ind) -nan(ind)
0.465500 -nan(ind) -nan(ind) -nan(ind)
0.466500 -nan(ind) -nan(ind) -nan(ind)
0.467500 12609414478258732123631892658934188369475453258674022470094282999151119541120490222827041341303689642267226875072244347067198873023619334587729665939075944741124818381765083136.000000 -11492878153094745694443810631948166271719744423600833988690324120621064442844282811775635048280388833772161154472152030109512142849261744462969462090826349860596770649226128110737424384.000000 5237604345329731674908050057575988250836790024938546867454178778057891334817686245463871122188523767608614567738716409950099173307063606897277102794721068462305162487210117110648398007429496832.000000
0.468500 -27665530144150402680086194770814723842246372482036238730337070955011624084701355467295103520667218239690887987430085762413208645853590757669976954388341687706616007230739041048278866322618883148317982720.000000 24605506462781939667261678515738498887687022018710706353180181822990429121361375015393089876786080846829245513056269092641422549391395020653059192152091238983038637645723364600027750463177495271162553924736516096.000000 -10941972648066744550535340380196680269781281345288914226796046463748538011926859629025261226942422573620652931518038109356567041171297772779277522516423495565650057034450283950381962070938070921504682680482644523904663552.000000
0.469500 -1246615590101698806039753235781156661024628118357928779338543120512703572005025834196977832389533900388434944325976675496220296606216829587786336778182510558594440122555013699980171637232245273852704025898821744702544796400484352.000000 1055136882702272395846559084301010071484458530235268824139998811845418145324810551721946528658857187144009216401856642561906522709540167037352497087786934348573630556612334710671867617696993883968642677691751019557868752875518368130531328.000000 -446534541205879513225087445010956261219232660069760542073129599490729297510826870518736474044496078812274411676314563492641237669099646228434436300550107106312439544591734527797443414101483080797283717850178122811056399905927610937459978696392704.000000
0.470500 -9587402284869054025633338733690514963622583633585912568521020740952952494994070404592313368603668457123607998160050325013010984051167471020800810160423928771703729237515843610384119961707237913950359861577953916289475285819405300137984.000000 -3974737468617377494162105215294426918772315293903034098359262578404073232200618616063600832286581345556543704334489172408725284459588424314057157148319920704948530553224859661598343137157814215658624477247377570973277437172790038946298525122560.000000 -823751560573976541040404175669614092010650639892657490745662508096592635454616091756225137961697740641772331471813050944280002456212695752001281239031850902565185822611675403295439075452440174131816941665677116023264937588164048890492240165888975699968.000000
0.471500 -nan(ind) -nan(ind) -nan(ind)
0.472500 -nan(ind) -nan(ind) -nan(ind)
0.473500 -nan(ind) -nan(ind) -nan(ind)
0.474500 -nan(ind) -nan(ind) -nan(ind)
0.475500 -nan(ind) -nan(ind) -nan(ind)
0.476500 -nan(ind) -nan(ind) -nan(ind)
0.477500 -nan(ind) -nan(ind) -nan(ind)
0.478500 -nan(ind) -nan(ind) -nan(ind)
0.479500 -nan(ind) -nan(ind) -nan(ind)
0.480500 -nan(ind) -nan(ind) -nan(ind)
0.481500 -nan(ind) -nan(ind) -nan(ind)
0.482500 -nan(ind) -nan(ind) -nan(ind)
0.483500 -nan(ind) -nan(ind) -nan(ind)
0.484500 -nan(ind) -nan(ind) -nan(ind)
0.485500 -nan(ind) -nan(ind) -nan(ind)
0.486500 -nan(ind) -nan(ind) -nan(ind)
0.487500 -nan(ind) -nan(ind) -nan(ind)
0.488500 -nan(ind) -nan(ind) -nan(ind)
0.489500 -nan(ind) -nan(ind) -nan(ind)
0.490500 -nan(ind) -nan(ind) -nan(ind)
0.491500 -nan(ind) -nan(ind) -nan(ind)
0.492500 -nan(ind) -nan(ind) -nan(ind)
0.493500 -nan(ind) -nan(ind) -nan(ind)
0.494500 -nan(ind) -nan(ind) -nan(ind)
0.495500 -nan(ind) -nan(ind) -nan(ind)
0.496500 -nan(ind) -nan(ind) -nan(ind)
0.497500 -nan(ind) -nan(ind) -nan(ind)
0.498500 -nan(ind) -nan(ind) -nan(ind)
0.499500 -nan(ind) -nan(ind) -nan(ind)
0.500500 -nan(ind) -nan(ind) -nan(ind)
0.501500 -nan(ind) -nan(ind) -nan(ind)
0.502500 -nan(ind) -nan(ind) -nan(ind)
0.503500 -nan(ind) -nan(ind) -nan(ind)
0.504500 -nan(ind) -nan(ind) -nan(ind)
0.505500 -nan(ind) -nan(ind) -nan(ind)
0.506500 -nan(ind) -nan(ind) -nan(ind)
0.507500 -nan(ind) -nan(ind) -nan(ind)
0.508500 -nan(ind) -nan(ind) -nan(ind)
0.509500 -nan(ind) -nan(ind) -nan(ind)
0.510500 -nan(ind) -nan(ind) -nan(ind)
0.511500 -nan(ind) -nan(ind) -nan(ind)
0.512500 -nan(ind) -nan(ind) -nan(ind)
0.513500 -nan(ind) -nan(ind) -nan(ind)
0.514500 -nan(ind) -nan(ind) -nan(ind)
0.515500 -nan(ind) -nan(ind) -nan(ind)
0.516500 -nan(ind) -nan(ind) -nan(ind)
0.517500 -8262117090135377579180579762211334459148181047819029912664312676611819332540684276975258444904644520235403727978930431137958109437230818453591533077294223992902297830387900858515154115958237799531102981135807977577483579927544904583395341390894475853287251212340666042702498889728.000000 5699445127456621770836544072696796265713737004146165203556430775211259873715006779119515376588504714504061090157363935532061218917393550315241350974186812468441419835822232110870982499991063775095077097908434123689658197860724459180314878847378973275118525298433782300584992470127274360832.000000 -1965818778182159184933051058029424623210722328727435061331019235848262066222542927669758646247208477589369948696517799490864269936712930506548710681878658805658714634773302607531227967595246376121835528182761335718951137315910094486518275601758774232965859641582019029231363229595733955218411356160.000000
0.518500 -13075263304314093788890287888419977658594420491519994401860058655292580760790482522356524423365967250105563254337411952991846333528628440799620814761598741605422871659970621657585748863365163146845446489255719923901146475325760493795576409913772776631050411106631680.000000 3853101634817456812543377651329483217349892855889013605544239085467819418577618023944532365823080396199713041562549678913565910011001338746393169613843720014990335027898175206560636660122138178469512949548459320503797706335177695164070448072092473019160714691122815733008957440.000000 951116854815930361196053502480756802886133302755317433661844619253211763543757670620771012489802869636492384533804884380668770221848808360409965902288433532248582436662801282465470546572647697771938431532185137852841316145092070729217996135273527050834159339822175782842164026392946147328.000000
0.519500 12784549114550540319939046787147149119636898730328637773849573031707307736872058042976411471471110316557094624492390504256268043906969591893250948107792970066117414495703155999291620142151626630228714175746608196054762389805149635724302364553548355357343014878969856.000000 -4117106583269218660593099549757769586912000607229625981493910842725765080963887131220775441206738034667901224796751105815595747160888798571526587843309182174028920481188191598524945767979565950130573785962270945666479389230844748100879821311923573317640116154184499663453814784.000000 -1484533934068355765851657951324345128057546440829922000625179409274269428536773974266205938158407380920328378936284958086380716289482056823570072034284050115421293878710202882386236823338660249773486783669136064533825873723175807944689954249160568748379951443150452410052306416472411865088.000000
0.520500 138733852076800651744457090173851864154173403011275590976558226041008140740997718517700131808148343748440697212642525539844146994060860243308999853776538429225362436868797916298465391134372215345962237399342494966395516732338842144710106525050310174963451723513856.000000 -24676594577448511453903135943071896219367804848890506111900486544979975140794023272899886889675288839219050143716686942570034192014366061401255820375428794840649240594730944352854508436126840752167764004976727931211363875839485278624498977271922821125600097722577599806308352.000000 -5488820059569932294587538453197944992250938313801056604193540498647292856714420392153451836639285495173543432639477958199878650550677940470327344907192055295814532673894509315505729258170653959131136073296157031513934534083263428381712459206374064839235311989404597043802168373006041088.000000
0.521500 140659950486063723260232171820770001735339013703845169861486645280884322934347537818752432344429446751166066258450107115697484136234318949202851100373487972971393808756120243270213773287503289782207440743745696077788865644617122296474199570582066698794595277340672.000000 -34872041707634274876268090652458505639502901356932973248870351875362791938844292053446651552105316612664165128139948986513500930823363119639167872360153562100359438509519684003514535679127495444003123126490169239908127798429847027457909995447017082487640604961113009647779840.000000 -8763016263511397201715127958507477585303094547077387356220447030526596259124902935830408046235767277411469459197127875537353993718681029315964546702214132808337073033320312131909345812225273320361322417010742318539311326332532355996445363949497749242053955721143395653277423939633545216.000000
0.522500 -40969020042325833323305160268832794178941520717424702854757847552994945353431069637005420175675792944315096044490142819902402163118989367878566850865084666746072652641366481209971515483898459398480276155914683652974213225039098652926410864277961310208.000000 -269271249143844038737954657027258536393620376764463012468307207318389558190328077547115759612115263305192627576039891257324742616639252818984707086896497410228754669435191871809261236102006556750945109612755757245211835143064837090591499717498758986257812946944.000000 -884870729427169214265415552398071080906312309256291862890687753957414988049933516216977695770079148561471732981332735292907013505386944332084641504586397951183746874839374455058858304115270202040674802560157672980387473130555098961552940779760340928983162284539996274688.000000
0.523500 13985804408906882053772008131191676482197772824234513547354815873349994304675974370428054549749461112123248598623863134921275701124267776815347161339672530781409667857027508275355016693205536331180946973429993747724241723120149541683200.000000 2408073749123527883498134593456894452549987546294700800688998083661818384920155217132782490330755630028364692052518627067162521082587830835098534272222018830214173787757435929323884277563457373907487594521991482342554170009289334629662289127538688.000000 -1012641631991119266485829448862989160051046735694727442279581687905812173172266229580929577822015485039127756626369705610472338335934225470348463168025035291108641477953548072864331676181142451559755764278386613570996224451614354712274272153869084297380495360.000000
0.524500 70215976012716525067361238832097792090926337204165617612127384405916431996401151413402832872635099614614644513626947385079020408044462254157168431754604224821900986598693721177904985424369059028884876458229877473766182517548173492224.000000 -16768874367329042771802381104638353433381018362464616125545665735917405524941359799029120810167207301347932397514954853262290522697265300361144629625263678309468644176397732971631783455692087462066564867009743839787732380131155502559541919219712.000000 -4700908075429040044171590545521141777139445798047204226321587644142415735060168911544108377485045438277870560370773718937227998254688572668811033752341376872563765682364525048285038478684352594515921975016844163738070053042403616119997458201911290241220608.000000
0.525500 -412999769865262588669442119552257768020395504315865735455060263897206703464592225220270569041723846631253707912118573648136075679422116949213728511278762687140594570675370867539613663824936712666753609786624376832072894305206796288.000000 359440414920139089714897865071421759026000805846086030364933553872807538209158461492162188498594495935664634730222116334169300560564276304723150586344284728955768850242106841836056632727853063295955098690163921831144669654748805345830932316160.000000 -35961510985740294929219943491411728397301483477449073804705143569397661627972851753317354354603861309895254819275704012872333057700265556792007999656472956739429382453093427591807820984835661496825550781994418960871883100173171538665213274078071729684480.000000
0.526500 -21271616515543843085428458437284068250036869795585808066546863615973872311430362072664944595334617517500676299845729994081157397188101038059635136661857069961140916988343228437479677860738839555109455905882962407957033143664529656250368.000000 909190543747557135922330231239411731905813823208651202205528450758827271718073869109437226087904398261328161395231127942122266759935620142410916044266986836555268235773733028865314258215452486769939307826306178814242259392076989932848043851251712.000000 1824349915128603786392043228082492501553913451856005546898045542591542166402000370776903943400106170597293869636669673889590955826132567968448131179025178807848093215332596612353664969749892402931339471777654103905680737276023446713578045320605955965461725184.000000
0.527500 86884256332295792045358672585883083570834559866656181567535264130646378104746338066019059725292700097240943481171481471478241855714140599130440104326165555156933132327346913835362143314176261706101949215373828102629417748785004544.000000 159874029740618614506667133266664358730989137178389169364887425652991761366045486111308234445399275810644133389596961032965486659958415622210725119955265183518136995969033551714216965511630250547953009518720246570763661804568016406563520512.000000 -1766622338407350156125393443970804349199258650834037837399326530313733852785852244435121431709928552846083385618851621706196091543010668697846232185686961806015255867050024214148890880604250313324836599367367354265151118437298266703117769828888215552.000000
0.528500 -44210582577725199843877533219123789735231257959781955926569924372438043625504218191789723452951715584202436940685920592338398814430104254342011365595949509429897337825267969433051450283299518675092332954975417811210516865654718464.000000 -142571989574534603137636772975756344430907230815405751033306902328732268768590040270604360667570080368433105131079832767918924427458318921207627053780177998855362901306127036004603045183379736919699517228918403268043316589594532726567862272.000000 -151694939211398521745181942532879109335483230905077288226327680701104522998329505112337988356511305376609326125786950840831322293508078442701725575122556600143838426000101645534257279684000624059563522591703069950401301996491816963570393415378010112.000000
0.529500 -48224728489528177544904525045106369909279356935576669042745662055882929502765836066141640108849618006025334139269425682921832094614058555910001938052051680127819744351301853859107789572606261883426788350582770586054891713593344.000000 -6142285318023186809605495769845034873972177414264348033806813332980005139611764845313211373741470459322349175339457708433235220312715032776920433126551344872309900474291904450018633805079636037218679610233571146003856711760189891543040.000000 840382207044969809721856283828951941662367485113858106318759066118029350517989158323986128959023492447545932341940803850960144033969230283627834592679320780246932595059160062577273774175631841870342140813898383239134335443798141222858311633731584.000000
0.530500 200181264345040039667870435197336446568655041435962633719196838926546703693176383334037990361977980236872846265616792087025770581879948128828940560240015788994616371628128952887736332610482098136852884347069513187670353520885760.000000 -43180580786574032041956174926822105088289992152719741493239176289642144287278015890140490291681321375305294749723412660191381657329667458990075504267773866976191424941655411561642517665546038147984163617257523379830277359115222978134016.000000 -102439067542259783614508466247745502130366192607277794919439646740825285519420468574145576158822442943801548217194521756651033027069810508455101091741241378081893068998422056642472597963279470212274293859968709280107601144953538427629074053746130944.000000
0.531500 -5470360964349815406628744778620880237760234307454360374326713477753343309247078701172983191580007747711473809589383379847732727061598263410560580768400938157664438275020681887499705652250664525795744592384573411886338025457713152.000000 184146541095173081971387721564831363197650341237197266815825947615254124634051505836852116285246154413619527801477094495229883117720488861493762127339700859461071293977921026142849696878515803931016300115872090491641190529372032387646488576.000000 1926160789673620375819795013034085081510245933751589511105203218071528042943207529815602114110096894943538887236289410143477356196855067149312800404242912975741652668572010962811624360475432421767365839519984538154582178622021080760265513482779099136.000000
0.532500 -80491119473272688817978601066372667392888371388471172024794850867262177332538766847946828360287006089310079658285028652322600124209463048978020516228947417015190761240248034338476537151488.000000 -345828199718381428746014518241382421437396228954463783548321313712031996982856437552551201184645803533185519331681603610563118400148048503604742191903297799831356556495251406911200079141212472213504.000000 -603477732796632778721414599597343435505227226960595256469322996540032588860982076623343864204760885181988756730871061675297013308209063076494233908535786120280757707521623354997550104229333130533316172185600.000000
0.533500 -40273812740808394532038107141852273049457454632856847002697525713314457373476031361296532738510988896563555622150841219234843547261204149752004096644355204838543357896436354186731256283136.000000 -43253003236616190523149589258719306810503521325606430244150444077545157765551524096474954773114258402184254990444298566369487368534254609616440990609869126426722800276594334971825897986809208504320.000000 -23192280534975109771321626747474628007781349863591207671399518432980432178506381157147501799952076620393808317055991423207417640930002436651182148021537780628596895878372978328134064597117450038444239618048.000000
0.534500 14267515855960273317818252984525374359111419372146025428303225966726705125715238038628194373930363240329467798853193243281593364763736069292532863582196397066967455886896355344384.000000 -18123967478872543888423100841924266892768564136675293955887839548537015703334048572912495437768587758502291154531048357512952242731805927916799897435468437757256510729123108625596809216.000000 11416439040594493111217054809341653163064862593723246214465904685469516399194731080431731710132438819234378710402684583208579128325680461150110597611787802940494428480401042498568958727159808.000000
0.535500 -2301183116697438262928437466884036419077252435782520738442026892422591962663951353564505796646552360851617749031739679979245764098604616069596825196490865158653790812513618624512.000000 2786351242473629886620418763589387601811180984106777535394382586702166323824300130797093441887922988556597466781014832512043111520282088239955174251785501291571963443964293403503493120.000000 -1687510177824836812072050552470097233678954010051858103390520512585583301785280278234876463562460084602234333925354485146978761998840186205533542190743820365267620347072736528624206640840704.000000
0.536500 19420981366239874578488326979583741534899552347723622188455643025005717682398200897246731554021153418596844312458289794934583090180587096057887057556182874980352.000000 -22959725236558793016399155956686737615213511876641773711662898187185254173277717351858459718544044619729160892218710754340210140927716243287816113789168308815294103552.000000 13571620487176263610298376988869467531361185052378951242482954626617642109229296855281365471647223776834639060850423044150271439538311452278724284011651993502762782634803200.000000
0.537500 11967311514107493989518183063053213602177057264873039596938945627579704699638492571796714915608655487494865536177199047651153288756228475339178770432.000000 -14084871815296231038862757746075481197633266909662757060337778835443764184423652445790770759792320442511730317021710574333316131480777287817799453095493632.000000 8288552815763262347135649309528456295460752399088459690973820227693454196351161686622260278679283845986079196637208778554265186900022471552097216933066002399232.000000
0.538500 -8664779115284311326982556636546081561920140741455788226025376123866603407177784721241866292229360156989271890286180014699315200.000000 -727017878994785314139950183250595868776008204289709463992709147553292923008609891168227593824359991129791947626233170611216261404688384.000000 3195849700368389550283396751793686892775462426704426025815951572259214376374341738200930638557499652105885632991892071255301553876001529421365248.000000
0.539500 4637793353776987038321304390976168482124350389181502150478215975350587090582271262119822835958785885429865702241666156092981248.000000 1926378240731531158639830679617330407848627446281419141998892773357298508402091416152716549878807932775232574473195411996721494129377280.000000 -3961522444422794147270083290123707172432178667659063365615234834027738355399721177843621761119166938612296416289932927829570914931982173017735168.000000
0.540500 -57000858498011462552392251638651928010787953944035180137562396742198183008039965941561479362491040746465326101973447259344338944.000000 49294308303122249201761026262523766703700070396080329584936650383452564767073641388956871832258595112730304729989966640795478588689219584.000000 65645254738629846619390668312878373926750801630785365860990521302519233918351683346334356218390817469584295945560043594560598257124588427073814528.000000
0.541500 -1644477624144393471660185611391044237032720827051113778284255786045228411890961444537974962071097029717108862962086409555410944.000000 -1442286368545719514859721394646524976490932089132175813434491462967597710055794003891976590089619341317741458122325260859994991136604160.000000 287132433859122211904120839116627092270764566433870347267192606322649751217643318041355355749058025332335665732261447200956574938670433405239296.000000
0.542500 14516932335659112104396654120831319092912939359620923987766872011135135197165259047298099099250985669591598417350489814410985472.000000 23905038439191358090817251274110774402040952286293740718183301681216249879115902056169703130739453875635231397997631854532710850952691712.000000 -8969519993286531836992574234598194010316273282397070213472199503670698340299426715511621894199819708841057671264961627489587295681111262433902592.000000
0.543500 -5224619707460860182833157296976985583703196773254007179785424665838418478602693661860889501545714883221272869732352.000000 1371589848976139428621178026560407256515763466056282730788166011808844169411405718935005335857329751057159679940072606531584.000000 -180037737495808115321846692734723960612513756541322264477516208877769747930465414848184339003025353062948790953158473283772883140608.000000
0.544500 2004756720284063373781016646526029919318371844494725089301792490690419265306193711131457618252063811647307776.000000 -1252653365222697133943467756574994685926240565330367525260946998625954594176744939220242377357090556197737771040768.000000 311087142477754921505982568354919186532800765024409738740396969283331866238828043290203754977005785356315485996002050048.000000
0.545500 50328662960442895902343241860865761029167815063906364313625728973853539589510329202234867563164417916928.000000 -609100330060618500511999325602948672671151264816429154767990947676844249853344593526187424700840108737217691648.000000 -291976003738756028619398034297567908111253312194694460177502267627535560078727825003659816288433202837777175430561792.000000
0.546500 148944264111791436088010035817874063242260356992645263995506726332137220811522048.000000 -48503472932663270232048682866037146858219443565638177013548674197607746825200057974784.000000 7897472948566512006130453309677045265907369211001117481869074895420156300770535414184280064.000000
0.547500 -5549246794126852118689555102354173673937135487985385534290984435712.000000 45009283062904658013721380206091627994557856933770669489421724688580608.000000 -178734414314327919427019143509443119684402761083738356310656310809062277120.000000
0.548500 -12014447983702688530764586862778709564093724698084015765375333768679477215232.000000 58628662556742641155613761936123073444438215267846007147651475352950285842555863040.000000 266449292575447034908034334914897472242676779291987348967264341434561804325991545869172736.000000
0.549500 12108780209062199983304961485465971344597778818151557661980210798587197521920.000000 132633362756575066602759526178624069096124355385115097735191620601549578841433833472.000000 -1141580707900898438427249209332406542693470516843391224590785117666548513892896384311361536.000000
0.550500 1102570322081396476474766927545183761899773637935058439628028934660089184256.000000 -273860293911734689193480130083645187571916095391010927485183644750487613702406144.000000 -4697342043863664537640027951348782602540475592972704490610848039544802544152084119289856.000000
0.551500 8393652841618712613819899758251236069233823660491059814729078861996422758775390208.000000 -5887430137510025610966615460725876386023068226819163183576287952973199272009010036791574528.000000 -20236120977959112500782328155803584149052483201830027823161091447526218753985268840070647402987520.000000
0.552500 -1775135615316677571953570972627919324732212065537197971568751665971752955676063820677120.000000 -7387836964020580807841543243270592748413532274714597607006865723097691253805536136201272284938240.000000 1438469906377619622901637607791121176384052754978384503144899895601785925586476688565046662057986011168768.000000
0.553500 -86158332318084956887059698355064410601151421568475232695870911581536078951586294277341184.000000 -96942105158152767322195222402754327959770779251678266469394177055150123563249796454461802272522240.000000 -54114438554719099188385596390759841037481643710125854517435064626887857755910599978722087202925122250866688.000000
0.554500 -8232731603182044511153139693275211965561858092818213224771626786263457576062654261805531004928.000000 -8334280999629439125887826710381567623341388236442254803206222813337893294599689749913975598673096081408.000000 -4193779397976642025746469005848145408159918246950825144436249942969128348370374190293691266243659048541784899584.000000
0.555500 65442365259241588694203341501062166815481755886366447732311895484100948856586437723982628594556828909568.000000 -7476069368026182497140465116890692408143488887398733795043236519254266106484286509896764649422742569465969897373696.000000 -147263560873480651701581834039872175039536542233400426051990455128363927302692978541998843007000564374758286221204265342337024.000000
0.556500 -81977611543751128989566877507684070331454064292721126062649937996932570798492961853507207535113000714240.000000 8262667376107476861356143388997390574501409545632521969604635544181547742348920850491776677974611030006066160074752.000000 209703508627128067379100678885116585452718577913895712608335843313145166873664225665403757526539664297052977389752625511006208.000000
0.557500 -195605345971019562214166083606435455175411721595736085083377156923250057972976838678281017206167830528.000000 -618861600309540942377740419918023267295146815778358636704904661109443439181510329990604520027923164427450318848.000000 -978516181604648991267560956963160857238715373847067718586007808643066562463601920603496700963875329326966888555501060096.000000
0.558500 488153756142517835680915487114949038523492396762132867774356174508090517442223837521730249376661504.000000 -282536557639763366080129900073318956933255962384005354722206922574708911913050673610133558241835290911047680.000000 38157513904799041165559399593137364910986095475069019183894613325663045337803320116697377500465648396136681616441344.000000
0.559500 -360883199963199076464904378289288116747415604232384868298161105767415779890398381230321041408.000000 22157871347419152777739875704327503112067050429339343564425312619641217653151791043150512833968472064.000000 -530693225792948893290910098115878670244655405727054546746103221089457261961042824367727556954874619082309632.000000
0.560500 332369974420255157036615718361598603814678103041222540722422531017269127933211136852062371840.000000 -18568661005528991213058445769190887871812195792077942787315156331567625436482287917124753631456788480.000000 380457671192743911009838510337600040371413156004899776013229746802874630252812963385921444117605777642881024.000000
0.561500 15268175656460824517030457664081383736143682579174107133962632550039737134304911687680.000000 -974090501456565004189815871954950535361266945371387987470036580381243106558980528272704536576.000000 31076454375873594656517280453648212718921566368513855227658005190047465264834163012618235517186605056.000000
0.562500 -7093992664152778926142277716613726908428918888123073562379734800157481228962369634304.000000 452193694682539893514576864279634411325536129706802573619726431669687982464252685989334482944.000000 -14412133265636233149019728232912204673032683291411645439860795462992529023742839146169278225390239744.000000
0.563500 107884268391246563067195117059530132779537113546752.000000 -266621441399789548099771411302441697495517744964864835584.000000 315410167843412488848300652717684977250286122900965313625456640.000000
0.564500 195686345496664461737343603756486042706641886497304739840.000000 269142557341131163092127561755764215485242849008460362091069440.000000 147238866667490605093551390954885783987983023083542181366888405139456.000000
0.565500 4727270854107146504900677567597031591872144825384960.000000 -20754772907706043365385252319416285700650516857297509023744.000000 -280650519097190842531050000667442541761483687758422224200049623040.000000
0.566500 -4267994537029857171598942447587322703940691581512896741376.000000 -26071113507562340862419955369681196017967866214820392137465528320.000000 -116884411178650182155251594457055755692743447791596678104114246683983872.000000
0.567500 1607619639766856117952627897377226752.000000 -2184521425978412012253963070448359494909952.000000 -2983330357724611645572251497667412833498522714112.000000
0.568500 365871494328942561117066056435761152.000000 338358913853104492975957644906224886480896.000000 -496892053521005169037476118657542554217384771584.000000
0.569500 2685692060019945243645671766512107520.000000 -1923050804823790010141954637847786199973888.000000 684426244663669228221815619308047511127806967808.000000
0.570500 -4215093767672756447897705031571341312.000000 3020561486239109966541452827635709384851456.000000 -1108551103698417361905453341908912265538199093248.000000
0.571500 1344212228070592541687593953593917440.000000 -893465364628472388351119327366737419042816.000000 297274448127662766500679862594479266051829792768.000000
0.572500 -2683399462147517195485184.000000 61139232181357205073573183488.000000 -696416590365931857735651304669184.000000
0.573500 -28457898801302552576.000000 79494718402070912696320.000000 -110969881904093803063541760.000000
0.574500 -7147980237636.118164 1203011472482506.750000 -107357170905089520.000000
0.575500 2102941690126.239258 -241626210082035.093750 13884177534320008.000000
0.576500 279273449798.886230 30286594173934.785156 1604059380583084.250000
0.577500 220351656073.118408 22626831998605.597656 1134845648075243.500000
0.578500 13646204470.955486 2081158345025.389404 158696876715304.593750
0.579500 0.448231 8.748483 213.495574
0.580500 -0.524380 -5.904870 -128.748442
0.581500 0.430338 9.073058 153.159692
0.582500 0.104622 0.020631 1.621607
0.583500 0.100000 0.000000 1.500000
0.584500 0.100000 0.000000 1.500000
0.585500 0.100000 0.000000 1.500000
0.586500 0.100000 0.000000 1.500000
0.587500 0.100000 0.000000 1.500000
0.588500 0.100000 0.000000 1.500000
0.589500 0.100000 0.000000 1.500000
0.590500 0.100000 0.000000 1.500000
0.591500 0.100000 0.000000 1.500000
0.592500 0.100000 0.000000 1.500000
0.593500 0.100000 0.000000 1.500000
0.594500 0.100000 0.000000 1.500000
0.595500 0.100000 0.000000 1.500000
0.596500 0.100000 0.000000 1.500000
0.597500 0.100000 0.000000 1.500000
0.598500 0.100000 0.000000 1.500000
0.599500 0.100000 0.000000 1.500000
0.600500 0.100000 0.000000 1.500000
0.601500 0.100000 0.000000 1.500000
0.602500 0.100000 0.000000 1.500000
0.603500 0.100000 0.000000 1.500000
0.604500 0.100000 0.000000 1.500000
0.605500 0.100000 0.000000 1.500000
0.606500 0.100000 0.000000 1.500000
0.607500 0.100000 0.000000 1.500000
0.608500 0.100000 0.000000 1.500000
0.609500 0.100000 0.000000 1.500000
0.610500 0.100000 0.000000 1.500000
0.611500 0.100000 0.000000 1.500000
0.612500 0.100000 0.000000 1.500000
0.613500 0.100000 0.000000 1.500000
0.614500 0.100000 0.000000 1.500000
0.615500 0.100000 0.000000 1.500000
0.616500 0.100000 0.000000 1.500000
0.617500 0.100000 0.000000 1.500000
0.618500 0.100000 0.000000 1.500000
0.619500 0.100000 0.000000 1.500000
0.620500 0.100000 0.000000 1.500000
0.621500 0.100000 0.000000 1.500000
0.622500 0.100000 0.000000 1.500000
0.623500 0.100000 0.000000 1.500000
0.624500 0.100000 0.000000 1.500000
0.625500 0.100000 0.000000 1.500000
0.626500 0.100000 0.000000 1.500000
0.627500 0.100000 0.000000 1.500000
0.628500 0.100000 0.000000 1.500000
0.629500 0.100000 0.000000 1.500000
0.630500 0.100000 0.000000 1.500000
0.631500 0.100000 0.000000 1.500000
0.632500 0.100000 0.000000 1.500000
0.633500 0.100000 0.000000 1.500000
0.634500 0.100000 0.000000 1.500000
0.635500 0.100000 0.000000 1.500000
0.636500 0.100000 0.000000 1.500000
0.637500 0.100000 0.000000 1.500000
0.638500 0.100000 0.000000 1.500000
0.639500 0.100000 0.000000 1.500000
0.640500 0.100000 0.000000 1.500000
0.641500 0.100000 0.000000 1.500000
0.642500 0.100000 0.000000 1.500000
0.643500 0.100000 0.000000 1.500000
0.644500 0.100000 0.000000 1.500000
0.645500 0.100000 0.000000 1.500000
0.646500 0.100000 0.000000 1.500000
0.647500 0.100000 0.000000 1.500000
0.648500 0.100000 0.000000 1.500000
0.649500 0.100000 0.000000 1.500000
0.650500 0.100000 0.000000 1.500000
0.651500 0.100000 0.000000 1.500000
0.652500 0.100000 0.000000 1.500000
0.653500 0.100000 0.000000 1.500000
0.654500 0.100000 0.000000 1.500000
0.655500 0.100000 0.000000 1.500000
0.656500 0.100000 0.000000 1.500000
0.657500 0.100000 0.000000 1.500000
0.658500 0.100000 0.000000 1.500000
0.659500 0.100000 0.000000 1.500000
0.660500 0.100000 0.000000 1.500000
0.661500 0.100000 0.000000 1.500000
0.662500 0.100000 0.000000 1.500000
0.663500 0.100000 0.000000 1.500000
0.664500 0.100000 0.000000 1.500000
0.665500 0.100000 0.000000 1.500000
0.666500 0.100000 0.000000 1.500000
0.667500 0.100000 0.000000 1.500000
0.668500 0.100000 0.000000 1.500000
0.669500 0.100000 0.000000 1.500000
0.670500 0.100000 0.000000 1.500000
0.671500 0.100000 0.000000 1.500000
0.672500 0.100000 0.000000 1.500000
0.673500 0.100000 0.000000 1.500000
0.674500 0.100000 0.000000 1.500000
0.675500 0.100000 0.000000 1.500000
0.676500 0.100000 0.000000 1.500000
0.677500 0.100000 0.000000 1.500000
0.678500 0.100000 0.000000 1.500000
0.679500 0.100000 0.000000 1.500000
0.680500 0.100000 0.000000 1.500000
0.681500 0.100000 0.000000 1.500000
0.682500 0.100000 0.000000 1.500000
0.683500 0.100000 0.000000 1.500000
0.684500 0.100000 0.000000 1.500000
0.685500 0.100000 0.000000 1.500000
0.686500 0.100000 0.000000 1.500000
0.687500 0.100000 0.000000 1.500000
0.688500 0.100000 0.000000 1.500000
0.689500 0.100000 0.000000 1.500000
0.690500 0.100000 0.000000 1.500000
0.691500 0.100000 0.000000 1.500000
0.692500 0.100000 0.000000 1.500000
0.693500 0.100000 0.000000 1.500000
0.694500 0.100000 0.000000 1.500000
0.695500 0.100000 0.000000 1.500000
0.696500 0.100000 0.000000 1.500000
0.697500 0.100000 0.000000 1.500000
0.698500 0.100000 0.000000 1.500000
0.699500 0.100000 0.000000 1.500000
0.700500 0.100000 0.000000 1.500000
0.701500 0.100000 0.000000 1.500000
0.702500 0.100000 0.000000 1.500000
0.703500 0.100000 0.000000 1.500000
0.704500 0.100000 0.000000 1.500000
0.705500 0.100000 0.000000 1.500000
0.706500 0.100000 0.000000 1.500000
0.707500 0.100000 0.000000 1.500000
0.708500 0.100000 0.000000 1.500000
0.709500 0.100000 0.000000 1.500000
0.710500 0.100000 0.000000 1.500000
0.711500 0.100000 0.000000 1.500000
0.712500 0.100000 0.000000 1.500000
0.713500 0.100000 0.000000 1.500000
0.714500 0.100000 0.000000 1.500000
0.715500 0.100000 0.000000 1.500000
0.716500 0.100000 0.000000 1.500000
0.717500 0.100000 0.000000 1.500000
0.718500 0.100000 0.000000 1.500000
0.719500 0.100000 0.000000 1.500000
0.720500 0.100000 0.000000 1.500000
0.721500 0.100000 0.000000 1.500000
0.722500 0.100000 0.000000 1.500000
0.723500 0.100000 0.000000 1.500000
0.724500 0.100000 0.000000 1.500000
0.725500 0.100000 0.000000 1.500000
0.726500 0.100000 0.000000 1.500000
0.727500 0.100000 0.000000 1.500000
0.728500 0.100000 0.000000 1.500000
0.729500 0.100000 0.000000 1.500000
0.730500 0.100000 0.000000 1.500000
0.731500 0.100000 0.000000 1.500000
0.732500 0.100000 0.000000 1.500000
0.733500 0.100000 0.000000 1.500000
0.734500 0.100000 0.000000 1.500000
0.735500 0.100000 0.000000 1.500000
0.736500 0.100000 0.000000 1.500000
0.737500 0.100000 0.000000 1.500000
0.738500 0.100000 0.000000 1.500000
0.739500 0.100000 0.000000 1.500000
0.740500 0.100000 0.000000 1.500000
0.741500 0.100000 0.000000 1.500000
0.742500 0.100000 0.000000 1.500000
0.743500 0.100000 0.000000 1.500000
0.744500 0.100000 0.000000 1.500000
0.745500 0.100000 0.000000 1.500000
0.746500 0.100000 0.000000 1.500000
0.747500 0.100000 0.000000 1.500000
0.748500 0.100000 0.000000 1.500000
0.749500 0.100000 0.000000 1.500000
0.750500 0.100000 0.000000 1.500000
0.751500 0.100000 0.000000 1.500000
0.752500 0.100000 0.000000 1.500000
0.753500 0.100000 0.000000 1.500000
0.754500 0.100000 0.000000 1.500000
0.755500 0.100000 0.000000 1.500000
0.756500 0.100000 0.000000 1.500000
0.757500 0.100000 0.000000 1.500000
0.758500 0.100000 0.000000 1.500000
0.759500 0.100000 0.000000 1.500000
0.760500 0.100000 0.000000 1.500000
0.761500 0.100000 0.000000 1.500000
0.762500 0.100000 0.000000 1.500000
0.763500 0.100000 0.000000 1.500000
0.764500 0.100000 0.000000 1.500000
0.765500 0.100000 0.000000 1.500000
0.766500 0.100000 0.000000 1.500000
0.767500 0.100000 0.000000 1.500000
0.768500 0.100000 0.000000 1.500000
0.769500 0.100000 0.000000 1.500000
0.770500 0.100000 0.000000 1.500000
0.771500 0.100000 0.000000 1.500000
0.772500 0.100000 0.000000 1.500000
0.773500 0.100000 0.000000 1.500000
0.774500 0.100000 0.000000 1.500000
0.775500 0.100000 0.000000 1.500000
0.776500 0.100000 0.000000 1.500000
0.777500 0.100000 0.000000 1.500000
0.778500 0.100000 0.000000 1.500000
0.779500 0.100000 0.000000 1.500000
0.780500 0.100000 0.000000 1.500000
0.781500 0.100000 0.000000 1.500000
0.782500 0.100000 0.000000 1.500000
0.783500 0.100000 0.000000 1.500000
0.784500 0.100000 0.000000 1.500000
0.785500 0.100000 0.000000 1.500000
0.786500 0.100000 0.000000 1.500000
0.787500 0.100000 0.000000 1.500000
0.788500 0.100000 0.000000 1.500000
0.789500 0.100000 0.000000 1.500000
0.790500 0.100000 0.000000 1.500000
0.791500 0.100000 0.000000 1.500000
0.792500 0.100000 0.000000 1.500000
0.793500 0.100000 0.000000 1.500000
0.794500 0.100000 0.000000 1.500000
0.795500 0.100000 0.000000 1.500000
0.796500 0.100000 0.000000 1.500000
0.797500 0.100000 0.000000 1.500000
0.798500 0.100000 0.000000 1.500000
0.799500 0.100000 0.000000 1.500000
0.800500 0.100000 0.000000 1.500000
0.801500 0.100000 0.000000 1.500000
0.802500 0.100000 0.000000 1.500000
0.803500 0.100000 0.000000 1.500000
0.804500 0.100000 0.000000 1.500000
0.805500 0.100000 0.000000 1.500000
0.806500 0.100000 0.000000 1.500000
0.807500 0.100000 0.000000 1.500000
0.808500 0.100000 0.000000 1.500000
0.809500 0.100000 0.000000 1.500000
0.810500 0.100000 0.000000 1.500000
0.811500 0.100000 0.000000 1.500000
0.812500 0.100000 0.000000 1.500000
0.813500 0.100000 0.000000 1.500000
0.814500 0.100000 0.000000 1.500000
0.815500 0.100000 0.000000 1.500000
0.816500 0.100000 0.000000 1.500000
0.817500 0.100000 0.000000 1.500000
0.818500 0.100000 0.000000 1.500000
0.819500 0.100000 0.000000 1.500000
0.820500 0.100000 0.000000 1.500000
0.821500 0.100000 0.000000 1.500000
0.822500 0.100000 0.000000 1.500000
0.823500 0.100000 0.000000 1.500000
0.824500 0.100000 0.000000 1.500000
0.825500 0.100000 0.000000 1.500000
0.826500 0.100000 0.000000 1.500000
0.827500 0.100000 0.000000 1.500000
0.828500 0.100000 0.000000 1.500000
0.829500 0.100000 0.000000 1.500000
0.830500 0.100000 0.000000 1.500000
0.831500 0.100000 0.000000 1.500000
0.832500 0.100000 0.000000 1.500000
0.833500 0.100000 0.000000 1.500000
0.834500 0.100000 0.000000 1.500000
0.835500 0.100000 0.000000 1.500000
0.836500 0.100000 0.000000 1.500000
0.837500 0.100000 0.000000 1.500000
0.838500 0.100000 0.000000 1.500000
0.839500 0.100000 0.000000 1.500000
0.840500 0.100000 0.000000 1.500000
0.841500 0.100000 0.000000 1.500000
0.842500 0.100000 0.000000 1.500000
0.843500 0.100000 0.000000 1.500000
0.844500 0.100000 0.000000 1.500000
0.845500 0.100000 0.000000 1.500000
0.846500 0.100000 0.000000 1.500000
0.847500 0.100000 0.000000 1.500000
0.848500 0.100000 0.000000 1.500000
0.849500 0.100000 0.000000 1.500000
0.850500 0.100000 0.000000 1.500000
0.851500 0.100000 0.000000 1.500000
0.852500 0.100000 0.000000 1.500000
0.853500 0.100000 0.000000 1.500000
0.854500 0.100000 0.000000 1.500000
0.855500 0.100000 0.000000 1.500000
0.856500 0.100000 0.000000 1.500000
0.857500 0.100000 0.000000 1.500000
0.858500 0.100000 0.000000 1.500000
0.859500 0.100000 0.000000 1.500000
0.860500 0.100000 0.000000 1.500000
0.861500 0.100000 0.000000 1.500000
0.862500 0.100000 0.000000 1.500000
0.863500 0.100000 0.000000 1.500000
0.864500 0.100000 0.000000 1.500000
0.865500 0.100000 0.000000 1.500000
0.866500 0.100000 0.000000 1.500000
0.867500 0.100000 0.000000 1.500000
0.868500 0.100000 0.000000 1.500000
0.869500 0.100000 0.000000 1.500000
0.870500 0.100000 0.000000 1.500000
0.871500 0.100000 0.000000 1.500000
0.872500 0.100000 0.000000 1.500000
0.873500 0.100000 0.000000 1.500000
0.874500 0.100000 0.000000 1.500000
0.875500 0.100000 0.000000 1.500000
0.876500 0.100000 0.000000 1.500000
0.877500 0.100000 0.000000 1.500000
0.878500 0.100000 0.000000 1.500000
0.879500 0.100000 0.000000 1.500000
0.880500 0.100000 0.000000 1.500000
0.881500 0.100000 0.000000 1.500000
0.882500 0.100000 0.000000 1.500000
0.883500 0.100000 0.000000 1.500000
0.884500 0.100000 0.000000 1.500000
0.885500 0.100000 0.000000 1.500000
0.886500 0.100000 0.000000 1.500000
0.887500 0.100000 0.000000 1.500000
0.888500 0.100000 0.000000 1.500000
0.889500 0.100000 0.000000 1.500000
0.890500 0.100000 0.000000 1.500000
0.891500 0.100000 0.000000 1.500000
0.892500 0.100000 0.000000 1.500000
0.893500 0.100000 0.000000 1.500000
0.894500 0.100000 0.000000 1.500000
0.895500 0.100000 0.000000 1.500000
0.896500 0.100000 0.000000 1.500000
0.897500 0.100000 0.000000 1.500000
0.898500 0.100000 0.000000 1.500000
0.899500 0.100000 0.000000 1.500000
0.900500 0.100000 0.000000 1.500000
0.901500 0.100000 0.000000 1.500000
0.902500 0.100000 0.000000 1.500000
0.903500 0.100000 0.000000 1.500000
0.904500 0.100000 0.000000 1.500000
0.905500 0.100000 0.000000 1.500000
0.906500 0.100000 0.000000 1.500000
0.907500 0.100000 0.000000 1.500000
0.908500 0.100000 0.000000 1.500000
0.909500 0.100000 0.000000 1.500000
0.910500 0.100000 0.000000 1.500000
0.911500 0.100000 0.000000 1.500000
0.912500 0.100000 0.000000 1.500000
0.913500 0.100000 0.000000 1.500000
0.914500 0.100000 0.000000 1.500000
0.915500 0.100000 0.000000 1.500000
0.916500 0.100000 0.000000 1.500000
0.917500 0.100000 0.000000 1.500000
0.918500 0.100000 0.000000 1.500000
0.919500 0.100000 0.000000 1.500000
0.920500 0.100000 0.000000 1.500000
0.921500 0.100000 0.000000 1.500000
0.922500 0.100000 0.000000 1.500000
0.923500 0.100000 0.000000 1.500000
0.924500 0.100000 0.000000 1.500000
0.925500 0.100000 0.000000 1.500000
0.926500 0.100000 0.000000 1.500000
0.927500 0.100000 0.000000 1.500000
0.928500 0.100000 0.000000 1.500000
0.929500 0.100000 0.000000 1.500000
0.930500 0.100000 0.000000 1.500000
0.931500 0.100000 0.000000 1.500000
0.932500 0.100000 0.000000 1.500000
0.933500 0.100000 0.000000 1.500000
0.934500 0.100000 0.000000 1.500000
0.935500 0.100000 0.000000 1.500000
0.936500 0.100000 0.000000 1.500000
0.937500 0.100000 0.000000 1.500000
0.938500 0.100000 0.000000 1.500000
0.939500 0.100000 0.000000 1.500000
0.940500 0.100000 0.000000 1.500000
0.941500 0.100000 0.000000 1.500000
0.942500 0.100000 0.000000 1.500000
0.943500 0.100000 0.000000 1.500000
0.944500 0.100000 0.000000 1.500000
0.945500 0.100000 0.000000 1.500000
0.946500 0.100000 0.000000 1.500000
0.947500 0.100000 0.000000 1.500000
0.948500 0.100000 0.000000 1.500000
0.949500 0.100000 0.000000 1.500000
0.950500 0.100000 0.000000 1.500000
0.951500 0.100000 0.000000 1.500000
0.952500 0.100000 0.000000 1.500000
0.953500 0.100000 0.000000 1.500000
0.954500 0.100000 0.000000 1.500000
0.955500 0.100000 0.000000 1.500000
0.956500 0.100000 0.000000 1.500000
0.957500 0.100000 0.000000 1.500000
0.958500 0.100000 0.000000 1.500000
0.959500 0.100000 0.000000 1.500000
0.960500 0.100000 0.000000 1.500000
0.961500 0.100000 0.000000 1.500000
0.962500 0.100000 0.000000 1.500000
0.963500 0.100000 0.000000 1.500000
0.964500 0.100000 0.000000 1.500000
0.965500 0.100000 0.000000 1.500000
0.966500 0.100000 0.000000 1.500000
0.967500 0.100000 0.000000 1.500000
0.968500 0.100000 0.000000 1.500000
0.969500 0.100000 0.000000 1.500000
0.970500 0.100000 0.000000 1.500000
0.971500 0.100000 0.000000 1.500000
0.972500 0.100000 0.000000 1.500000
0.973500 0.100000 0.000000 1.500000
0.974500 0.100000 0.000000 1.500000
0.975500 0.100000 0.000000 1.500000
0.976500 0.100000 0.000000 1.500000
0.977500 0.100000 0.000000 1.500000
0.978500 0.100000 0.000000 1.500000
0.979500 0.100000 0.000000 1.500000
0.980500 0.100000 0.000000 1.500000
0.981500 0.100000 0.000000 1.500000
0.982500 0.100000 0.000000 1.500000
0.983500 0.100000 0.000000 1.500000
0.984500 0.100000 0.000000 1.500000
0.985500 0.100000 0.000000 1.500000
0.986500 0.100000 0.000000 1.500000
0.987500 0.100000 0.000000 1.500000
0.988500 0.100000 0.000000 1.500000
0.989500 0.100000 0.000000 1.500000
0.990500 0.100000 0.000000 1.500000
0.991500 0.100000 0.000000 1.500000
0.992500 0.100000 0.000000 1.500000
0.993500 0.100000 0.000000 1.500000
0.994500 0.100000 0.000000 1.500000
0.995500 0.100000 0.000000 1.500000
0.996500 0.100000 0.000000 1.500000
0.997500 0.100000 0.000000 1.500000
0.998500 0.100000 0.000000 1.500000
0.999500 0.100000 0.000000 1.500000
